annotation_id,image_id,category_id,bbox_x,bbox_y,bbox_w,bbox_h,score
1,1,27925,600,671,259,482,0.8143
2,1,1899,158,251,203,125,0.8133
3,1,16550,558,69,395,405,0.7965
4,1,24849,172,739,181,293,0.6916
5,10,16547,100,806,241,238,0.8404
6,10,21770,642,289,188,181,0.8123
7,10,1899,643,845,188,186,0.8061
8,10,29450,104,237,407,219,0.7377
9,100,16547,585,130,232,225,0.8438
10,100,1899,134,243,192,161,0.81
11,100,33008,519,791,380,209,0.7685
12,100,18109,43,746,309,299,0.6676
13,1003,16231,646,184,194,180,0.8635
14,1003,34596,37,160,448,414,0.8501
15,1003,27732,123,769,313,275,0.8383
16,1003,3482,607,791,274,208,0.8106
17,1004,34596,507,658,459,437,0.8611
18,1004,16231,140,892,197,193,0.8531
19,1004,27732,565,259,301,267,0.8414
20,1004,3482,125,306,268,202,0.8148
21,1005,16231,618,178,188,182,0.8745
22,1005,34596,23,126,435,422,0.8464
23,1005,27732,87,724,321,282,0.8255
24,1005,3482,579,758,275,210,0.8029
25,1006,25366,43,177,448,424,0.8066
26,1006,3482,600,844,280,187,0.8053
27,1006,20237,617,196,227,216,0.772
28,1006,25468,39,856,383,217,0.7006
29,1007,25366,29,157,432,421,0.8134
30,1007,3482,576,811,279,193,0.809
31,1007,20237,589,191,221,214,0.7835
32,1007,25468,12,813,380,221,0.6947
33,1009,3482,574,810,280,194,0.8042
34,1009,16261,546,187,239,228,0.7988
35,1009,22346,77,198,201,195,0.7806
36,1009,25468,13,813,380,220,0.6955
37,1010,3482,601,845,279,187,0.8054
38,1010,16261,573,195,244,230,0.783
39,1010,22346,94,205,206,198,0.7783
40,1010,25468,40,857,383,216,0.7014
41,1012,27925,572,628,259,489,0.8445
42,1012,16547,612,158,230,223,0.8423
43,1012,1899,140,241,200,128,0.7924
44,1012,24849,139,702,184,296,0.6259
45,1013,27925,145,143,256,460,0.8422
46,1013,16547,103,866,242,239,0.8418
47,1013,1899,630,892,211,134,0.811
48,1013,24849,638,273,177,278,0.6355
49,1014,16547,640,164,236,225,0.8518
50,1014,1899,157,251,204,125,0.8285
51,1014,27925,600,672,258,480,0.8113
52,1014,24849,173,740,180,292,0.7062
53,1015,35205,660,174,222,402,0.8364
54,1015,20876,116,768,331,230,0.8307
55,1015,3482,650,748,210,270,0.8117
56,1015,30307,65,124,400,406,0.7662
57,1016,35205,99,673,233,410,0.8337
58,1016,20876,543,294,328,234,0.8169
59,1016,3482,141,291,209,257,0.8117
60,1016,30307,537,721,411,414,0.7808
61,1018,27732,560,255,300,266,0.8459
62,1018,3482,125,306,268,201,0.8166
63,1018,29666,85,861,232,228,0.7947
64,1018,30307,439,743,470,304,0.6197
65,1019,27732,129,776,312,276,0.8429
66,1019,3482,607,791,275,207,0.8094
67,1019,29666,668,181,225,214,0.7885
68,1019,30307,93,212,463,299,0.7113
69,102,16547,614,134,239,228,0.8386
70,102,1899,151,254,196,162,0.7982
71,102,33008,549,835,373,200,0.7561
72,102,18109,78,790,305,293,0.6889
73,1020,27732,94,731,319,279,0.8371
74,1020,3482,578,758,276,209,0.8029
75,1020,29666,639,177,219,214,0.7895
76,1020,30307,75,191,451,294,0.7073
77,1022,33207,583,811,212,203,0.8549
78,1022,1899,147,239,183,181,0.8073
79,1022,16550,625,24,281,468,0.7796
80,1022,29450,34,800,420,225,0.7363
81,1023,33207,610,843,210,199,0.8436
82,1023,1899,166,247,183,182,0.8144
83,1023,16550,654,26,289,483,0.7779
84,1023,29450,70,844,415,216,0.7572
85,1025,28762,645,863,219,213,0.8299
86,1025,20876,544,293,327,236,0.8144
87,1025,3482,142,290,209,257,0.8054
88,1025,16261,107,836,250,242,0.8008
89,1026,28762,135,204,210,205,0.8396
90,1026,20876,116,767,330,231,0.8364
91,1026,3482,650,749,211,269,0.8104
92,1026,16261,630,192,243,230,0.7911
93,1027,13899,190,285,197,234,0.8278
94,1027,3350,353,883,190,191,0.8004
95,1027,16231,600,262,187,187,0.592
96,1028,13899,554,707,202,248,0.8197
97,1028,3350,390,156,185,188,0.8062
98,1028,16231,134,779,192,190,0.6595
99,1029,13899,593,796,199,245,0.817
100,1029,3350,434,214,185,184,0.8024
101,1029,16231,177,866,189,192,0.6065
102,1030,35205,571,122,250,377,0.8366
103,1030,34596,47,145,444,411,0.834
104,1030,27732,87,725,321,282,0.8233
105,1030,3482,578,757,277,210,0.8048
106,1034,28762,651,883,220,213,0.8403
107,1034,3482,150,218,247,221,0.8077
108,1034,36636,95,906,272,165,0.8067
109,1034,19860,638,277,219,170,0.6497
110,1039,28762,126,213,212,202,0.8259
111,1039,3482,601,845,280,187,0.805
112,1039,16261,573,195,244,230,0.7882
113,1039,25468,40,857,383,217,0.7019
114,104,18356,105,608,251,371,0.8298
115,104,3350,323,204,183,187,0.8057
116,104,21324,617,761,172,230,0.7991
117,1041,28762,653,853,220,213,0.8206
118,1041,3482,124,271,272,190,0.8049
119,1041,16261,164,833,251,242,0.7993
120,1041,25468,571,230,371,217,0.6823
121,1043,3350,312,169,183,186,0.806
122,1043,35205,509,606,245,413,0.7892
123,1043,18356,50,627,270,351,0.7349
124,1044,3350,354,228,183,182,0.811
125,1044,35205,548,704,241,407,0.7964
126,1044,18356,92,721,267,353,0.7066
127,1045,20876,41,755,327,250,0.8593
128,1045,28762,133,213,209,201,0.83
129,1045,3482,622,718,210,271,0.8127
130,1045,29666,594,177,220,215,0.7684
131,1046,20876,74,799,325,240,0.8251
132,1046,28762,151,221,212,203,0.8209
133,1046,3482,649,750,211,268,0.8094
134,1046,29666,622,181,225,216,0.7612
135,1047,20876,589,260,325,240,0.8393
136,1047,28762,627,845,220,211,0.8279
137,1047,3482,142,289,209,257,0.8026
138,1047,29666,133,862,231,227,0.7785
139,1050,22361,606,777,254,411,0.8498
140,1050,22626,90,173,338,473,0.8003
141,1050,5093,135,848,278,273,0.7944
142,1050,2482,649,82,199,487,0.7606
143,1051,5093,550,192,271,267,0.7685
144,1051,23222,485,660,387,462,0.7419
145,1051,2482,89,678,225,480,0.7205
146,1051,4377,139,106,210,437,0.7115
147,1053,5093,103,801,277,271,0.78
148,1053,23222,74,78,380,464,0.763
149,1053,2482,619,54,216,483,0.7344
150,1053,4377,588,699,217,450,0.6903
151,1055,27732,82,731,326,267,0.8343
152,1055,3482,570,766,277,205,0.8044
153,1055,29666,648,185,219,214,0.7803
154,1055,31884,55,34,428,481,0.7692
155,1056,27732,117,775,320,266,0.8407
156,1056,3482,599,799,275,202,0.8076
157,1056,31884,69,53,440,485,0.8016
158,1056,29666,676,190,226,213,0.7964
159,1057,12777,81,76,331,498,0.8201
160,1057,25437,109,830,255,253,0.8006
161,1057,2482,606,68,249,473,0.7487
162,1057,4377,642,706,219,451,0.6966
163,1058,25437,110,840,257,268,0.7961
164,1058,12777,83,104,332,508,0.7932
165,1058,2482,597,102,253,458,0.7291
166,1058,4377,653,707,215,470,0.7064
167,1060,25437,554,205,247,251,0.8138
168,1060,22626,530,643,354,471,0.8133
169,1060,13394,114,50,235,478,0.7884
170,1060,2482,114,679,215,493,0.7352
171,1064,34596,58,130,451,416,0.8507
172,1064,3482,601,844,279,187,0.807
173,1064,20237,617,195,226,217,0.7573
174,1064,25468,39,856,384,217,0.6889
175,1065,34596,484,686,463,434,0.8464
176,1065,3482,124,271,272,190,0.8072
177,1065,20237,139,850,230,226,0.7626
178,1065,25468,571,231,371,217,0.6806
179,1067,3482,133,286,276,176,0.8177
180,1067,16261,115,846,251,241,0.7913
181,1067,27652,670,255,221,200,0.7715
182,1067,31884,554,671,401,532,0.765
183,1069,16547,643,164,235,227,0.8505
184,1069,21770,115,203,192,184,0.8282
185,1069,1899,621,888,209,141,0.7933
186,1069,21025,138,868,179,176,0.7411
187,1070,16547,100,864,241,239,0.8423
188,1070,21770,685,881,197,193,0.8397
189,1070,1899,174,279,204,140,0.7997
190,1070,21025,672,272,178,173,0.7564
191,1073,36636,638,178,179,240,0.8094
192,1073,3482,536,778,267,225,0.8006
193,1073,27776,143,774,180,205,0.7823
194,1073,22346,114,198,202,194,0.7717
195,1075,16550,93,593,339,461,0.8112
196,1075,3543,102,162,202,197,0.7624
197,1075,29870,603,770,208,224,0.7571
198,1075,4542,610,141,203,198,0.6395
199,1076,16550,533,191,329,440,0.8
200,1076,3543,669,899,213,212,0.7801
201,1076,4542,130,916,214,211,0.7435
202,1076,29870,168,278,204,212,0.6866
203,1077,16550,129,643,331,457,0.7953
204,1077,3543,117,166,207,201,0.7772
205,1077,29870,630,806,207,217,0.7479
206,1077,4542,639,141,209,202,0.6197
207,1079,20876,70,797,326,244,0.8311
208,1079,3482,646,754,212,267,0.8053
209,1079,22346,118,218,207,198,0.8014
210,1079,29666,624,185,225,216,0.7574
211,108,22361,587,744,255,409,0.8531
212,108,12777,104,43,292,528,0.8299
213,108,25437,142,843,254,255,0.8001
214,108,2482,601,79,244,479,0.7396
215,1080,20876,37,754,327,251,0.861
216,1080,3482,620,721,210,271,0.8061
217,1080,22346,102,210,202,195,0.7895
218,1080,29666,595,180,219,214,0.7671
219,1081,44198,92,183,254,229,0.8582
220,1081,16550,485,201,456,327,0.8063
221,1081,1899,607,900,209,138,0.787
222,1081,21025,125,866,178,176,0.7748
223,1085,16231,626,222,187,182,0.8555
224,1085,20876,83,725,333,239,0.8306
225,1085,3482,623,717,210,272,0.8153
226,1085,25366,34,131,436,410,0.799
227,1087,31704,570,674,255,453,0.8162
228,1087,16550,85,588,293,483,0.7944
229,1087,3543,133,175,203,198,0.7715
230,1087,10220,621,204,221,213,0.5894
231,1089,3543,634,887,214,211,0.8045
232,1089,31704,152,143,250,424,0.7918
233,1089,16550,584,180,289,457,0.7881
234,1089,10220,104,835,230,223,0.6952
235,109,35205,107,772,302,389,0.8345
236,109,3482,149,218,248,222,0.8189
237,109,25366,579,718,390,495,0.8144
238,109,19860,638,277,219,171,0.6432
239,1092,16547,81,913,243,239,0.8186
240,1092,44198,134,243,242,230,0.8075
241,1092,1899,651,848,209,160,0.7965
242,1092,33008,566,211,319,291,0.7708
243,1093,34596,500,689,460,439,0.8491
244,1093,3482,149,218,248,221,0.82
245,1093,16261,98,851,250,241,0.7893
246,1093,19860,638,277,219,171,0.6516
247,1095,34596,47,124,446,416,0.8452
248,1095,3482,600,867,258,229,0.8225
249,1095,16261,636,178,246,230,0.7909
250,1095,19860,125,865,221,168,0.6704
251,1096,27992,546,780,313,237,0.9527
252,1096,6562,165,672,219,365,0.8628
253,1096,16550,482,114,440,324,0.8071
254,1096,3543,92,197,201,198,0.7558
255,1097,27992,575,818,305,228,0.9331
256,1097,6562,197,714,217,360,0.8358
257,1097,16550,508,124,452,331,0.8098
258,1097,3543,107,205,207,200,0.7613
259,1098,27992,121,254,301,230,0.8759
260,1098,6562,581,230,212,340,0.8722
261,1098,16550,18,785,470,343,0.7941
262,1098,3543,677,861,215,211,0.7926
263,110,35205,583,96,287,377,0.8209
264,110,3482,600,867,258,229,0.82
265,110,25366,41,50,384,480,0.8023
266,110,19860,126,864,221,169,0.6467
267,1100,36636,636,177,181,241,0.8073
268,1100,3482,536,778,266,225,0.7995
269,1100,27776,142,773,180,205,0.7913
270,1100,31884,52,99,417,488,0.7583
271,1101,3482,563,813,264,219,0.8179
272,1101,36636,666,181,186,248,0.8162
273,1101,31884,68,123,432,489,0.7989
274,1101,27776,177,812,174,198,0.7564
275,1105,27732,124,769,313,275,0.8459
276,1105,35205,602,126,252,387,0.8353
277,1105,3482,607,790,275,208,0.8112
278,1105,22346,111,211,206,197,0.7695
279,1109,28762,139,224,213,201,0.8253
280,1109,3482,588,844,284,167,0.8182
281,1109,16261,623,181,241,231,0.7934
282,1109,27652,96,852,223,207,0.7568
283,1111,3482,559,810,288,176,0.8202
284,1111,28762,114,186,209,200,0.7925
285,1111,29666,603,176,218,213,0.7736
286,1111,27652,60,810,226,210,0.754
287,1114,3482,133,286,276,176,0.8166
288,1114,35205,103,689,205,416,0.814
289,1114,27652,670,255,221,200,0.7696
290,1114,30307,561,697,400,422,0.7648
291,1115,35205,649,143,201,399,0.8192
292,1115,3482,559,811,288,176,0.8191
293,1115,30307,40,125,383,402,0.7662
294,1115,27652,61,810,226,210,0.7491
295,1116,35205,677,155,206,404,0.8419
296,1116,3482,588,845,283,167,0.813
297,1116,30307,54,141,392,413,0.7642
298,1116,27652,95,852,222,207,0.756
299,1118,6562,584,237,214,338,0.8667
300,1118,29870,198,240,169,233,0.8412
301,1118,16547,99,881,242,240,0.8362
302,1118,3543,676,859,214,212,0.79
303,1119,6562,193,707,217,360,0.8646
304,1119,16547,644,147,235,225,0.8325
305,1119,29870,632,825,172,242,0.8226
306,1119,3543,108,207,208,201,0.7791
307,112,16550,155,585,307,471,0.7987
308,112,33008,563,810,368,207,0.7621
309,112,3543,126,235,207,200,0.7594
310,112,10220,632,200,224,214,0.6925
311,1121,3482,125,271,273,190,0.8121
312,1121,28762,620,859,220,215,0.8113
313,1121,29666,137,871,231,227,0.774
314,1121,25468,572,186,330,285,0.6767
315,1123,27732,565,259,301,268,0.8552
316,1123,3482,125,306,268,202,0.8209
317,1123,25366,492,667,451,436,0.802
318,1123,16261,149,803,252,241,0.8015
319,1125,27732,124,769,314,275,0.8475
320,1125,25366,63,162,444,424,0.8116
321,1125,3482,607,791,274,207,0.8113
322,1125,16261,589,227,244,229,0.8013
323,1126,20876,545,294,327,234,0.816
324,1126,31884,510,733,464,467,0.8104
325,1126,3482,143,289,209,257,0.8041
326,1126,16261,107,837,250,240,0.8022
327,1129,27732,565,259,302,267,0.8447
328,1129,3482,125,305,268,202,0.8161
329,1129,22346,681,827,212,206,0.7982
330,1129,20237,112,854,231,226,0.7643
331,113,16550,527,228,307,456,0.8017
332,113,3543,658,833,213,209,0.7703
333,113,33008,73,268,363,223,0.7522
334,113,10220,124,846,231,224,0.7365
335,1135,1899,151,255,196,161,0.7961
336,1135,16550,604,53,285,484,0.7823
337,1135,33008,549,835,372,199,0.7561
338,1135,18109,78,790,305,293,0.6906
339,1136,1899,643,855,203,172,0.8157
340,1136,16550,86,702,295,494,0.79
341,1136,33008,83,257,367,208,0.745
342,1136,18109,608,220,301,285,0.6876
343,1138,34596,33,87,375,475,0.8612
344,1138,3482,561,810,288,176,0.8294
345,1138,27652,63,810,227,211,0.7534
346,1138,20237,593,174,221,211,0.7475
347,114,16550,123,537,313,474,0.8121
348,114,3543,109,225,202,199,0.7858
349,114,33008,531,764,378,224,0.7533
350,114,10220,604,192,219,213,0.7274
351,1140,34596,45,116,386,473,0.8607
352,1140,3482,589,844,284,167,0.8173
353,1140,20237,622,177,226,215,0.7611
354,1140,27652,97,852,223,207,0.7568
355,1141,23222,569,570,301,502,0.848
356,1141,25437,555,195,248,251,0.8066
357,1141,12080,62,113,231,433,0.7656
358,1141,2482,68,648,301,456,0.6749
359,1142,23222,65,131,299,500,0.8419
360,1142,25437,122,822,253,254,0.8
361,1142,12080,650,697,235,455,0.7402
362,1142,2482,578,115,298,452,0.6939
363,1143,23222,66,169,298,496,0.8291
364,1143,25437,123,833,258,266,0.802
365,1143,12080,655,699,247,471,0.7079
366,1143,2482,567,147,307,444,0.6764
367,1144,3482,602,844,279,186,0.8072
368,1144,16261,573,195,244,230,0.7929
369,1144,31884,52,173,443,483,0.7654
370,1144,25468,39,857,383,216,0.6952
371,1148,3350,383,160,185,189,0.8141
372,1148,16231,145,731,194,193,0.8021
373,1148,41767,550,631,273,307,0.7482
374,1149,3350,426,219,186,183,0.8039
375,1149,16231,187,819,193,191,0.7885
376,1149,41767,592,720,267,308,0.7191
377,115,27732,560,255,300,266,0.8545
378,115,3482,124,306,268,201,0.8167
379,115,25366,492,644,425,463,0.8093
380,115,36636,100,881,267,178,0.8044
381,1150,34596,81,55,406,460,0.8568
382,1150,3482,563,813,265,220,0.8173
383,1150,29666,629,163,224,216,0.7978
384,1150,27776,176,811,174,199,0.7646
385,1153,16231,646,175,191,187,0.8391
386,1153,3482,600,868,258,228,0.8189
387,1153,22346,143,209,207,198,0.7786
388,1153,19860,125,865,221,169,0.6712
389,1154,16231,616,172,187,181,0.8303
390,1154,3482,573,836,261,231,0.7996
391,1154,22346,126,201,203,194,0.782
392,1154,19860,92,827,225,176,0.7096
393,1155,16231,143,900,196,191,0.8549
394,1155,3482,149,218,247,221,0.8079
395,1155,22346,641,861,212,207,0.7978
396,1155,19860,638,277,219,170,0.6489
397,1156,13899,183,283,203,229,0.8152
398,1156,16261,571,308,242,235,0.8038
399,1156,3350,392,857,190,191,0.7936
400,1157,16261,109,674,249,247,0.8163
401,1157,13899,554,715,209,242,0.8112
402,1157,3350,354,181,184,189,0.8111
403,1158,16261,152,766,245,238,0.8254
404,1158,13899,593,804,207,239,0.8093
405,1158,3350,396,241,184,184,0.7977
406,1159,18356,153,297,241,358,0.8403
407,1159,3350,403,808,186,191,0.7906
408,1159,16231,645,294,189,193,0.7591
409,1161,3350,387,279,183,183,0.8127
410,1161,18356,581,613,243,373,0.7994
411,1161,16231,131,815,188,189,0.777
412,1163,16550,41,603,306,470,0.7997
413,1163,3543,118,185,207,200,0.792
414,1163,29450,495,806,408,238,0.7335
415,1163,10220,656,199,226,213,0.6296
416,1164,29450,465,767,413,246,0.8111
417,1164,16550,11,555,300,478,0.7974
418,1164,3543,103,179,202,199,0.7746
419,1164,10220,626,192,222,214,0.6289
420,1166,25366,564,680,397,491,0.8174
421,1166,3482,125,271,273,190,0.8107
422,1166,36636,131,829,180,262,0.7995
423,1166,25468,572,185,329,288,0.6768
424,1167,25366,43,91,394,476,0.8111
425,1167,36636,675,171,174,255,0.8063
426,1167,3482,600,845,280,186,0.8011
427,1167,25468,84,829,346,301,0.691
428,1168,3482,574,811,279,193,0.8032
429,1168,30307,42,15,351,427,0.7764
430,1168,29666,590,168,219,215,0.7574
431,1168,25468,49,788,349,299,0.6991
432,1170,3482,601,845,279,186,0.8006
433,1170,29666,619,171,224,216,0.7621
434,1170,30307,52,22,366,443,0.7583
435,1170,25468,83,829,347,300,0.6913
436,1171,16547,579,745,239,233,0.8383
437,1171,3543,122,181,202,198,0.7699
438,1171,4542,638,150,204,199,0.6871
439,1171,10220,92,788,224,218,0.6113
440,1173,16547,158,286,232,226,0.837
441,1173,3543,646,877,214,211,0.7935
442,1173,10220,644,264,217,210,0.736
443,1173,4542,101,906,215,211,0.5047
444,1174,3482,134,286,275,176,0.8179
445,1174,29666,124,864,230,226,0.782
446,1174,30307,575,757,396,429,0.772
447,1174,27652,671,255,221,200,0.7655
448,1176,3482,587,845,283,166,0.8092
449,1176,29666,631,179,223,216,0.7769
450,1176,30307,40,75,390,417,0.7708
451,1176,27652,94,851,223,207,0.7526
452,1178,3482,538,780,266,226,0.8008
453,1178,31884,104,48,403,497,0.7904
454,1178,27776,144,775,179,206,0.788
455,1178,20237,576,191,219,213,0.7645
456,118,3350,456,846,190,190,0.7948
457,118,13899,62,311,227,213,0.7938
458,118,16687,419,73,434,529,0.5173
459,1180,19231,494,233,326,255,0.8774
460,1180,3350,393,915,191,193,0.7953
461,1180,21324,188,309,164,222,0.7769
462,1184,16547,140,878,245,240,0.8353
463,1184,1899,187,272,202,137,0.8157
464,1184,21025,684,275,178,171,0.734
465,1184,24849,673,823,188,305,0.648
466,1185,16547,600,150,239,225,0.8412
467,1185,1899,607,899,209,138,0.7889
468,1185,21025,125,866,178,176,0.7759
469,1185,24849,137,142,184,292,0.6826
470,1186,19551,513,559,314,490,0.8662
471,1186,5093,550,191,270,267,0.7721
472,1186,2482,86,679,232,478,0.7286
473,1186,4377,139,106,211,438,0.7171
474,1187,19551,111,157,317,488,0.8536
475,1187,5093,103,801,277,271,0.7921
476,1187,2482,617,54,222,482,0.7436
477,1187,4377,588,700,216,452,0.6879
478,1189,22626,99,129,306,489,0.8161
479,1189,2482,590,70,243,478,0.7491
480,1189,12080,602,705,232,454,0.7353
481,1189,3742,118,786,321,318,0.6673
482,119,13899,651,706,224,221,0.8095
483,119,3350,292,192,185,188,0.8063
484,119,16687,76,579,450,569,0.4928
485,1190,22626,100,162,306,489,0.82
486,1190,12080,610,712,241,468,0.7658
487,1190,2482,586,101,232,470,0.7275
488,1190,3742,119,797,328,328,0.6804
489,1191,22626,530,585,307,486,0.8075
490,1191,12080,106,107,231,433,0.7441
491,1191,2482,88,665,254,477,0.7317
492,1191,3742,493,166,313,299,0.6946
493,1192,1899,643,854,203,172,0.8104
494,1192,16550,81,695,294,492,0.7787
495,1192,33008,83,257,368,208,0.7447
496,1192,24849,646,205,176,277,0.6255
497,1194,1899,151,254,195,162,0.8017
498,1194,16550,612,62,287,482,0.7858
499,1194,33008,549,835,373,199,0.7546
500,1194,24849,166,816,179,294,0.646
501,1196,3482,172,276,259,218,0.8177
502,1196,35205,139,707,237,408,0.8142
503,1196,28762,615,888,221,213,0.814
504,1196,27776,637,292,175,195,0.7736
505,1197,3482,567,811,265,219,0.8135
506,1197,35205,615,143,224,399,0.8071
507,1197,28762,163,179,214,199,0.793
508,1197,27776,179,814,175,199,0.7701
509,1198,3482,566,815,264,218,0.8138
510,1198,28762,130,215,211,202,0.8005
511,1198,20237,604,195,225,215,0.799
512,1198,27776,179,814,175,199,0.7739
513,1199,3482,173,272,259,218,0.8231
514,1199,28762,648,852,221,213,0.8199
515,1199,20237,150,850,233,226,0.785
516,1199,27776,638,290,175,194,0.7755
517,120,13899,688,798,228,215,0.804
518,120,3350,333,253,185,183,0.7981
519,120,16687,116,676,451,577,0.4448
520,1201,12246,583,814,210,155,0.9339
521,1201,16547,584,213,232,223,0.8311
522,1201,21025,100,822,182,179,0.7856
523,1201,3543,143,188,204,197,0.7747
524,1204,22073,687,263,180,185,0.931
525,1204,3350,393,860,190,191,0.7908
526,1204,32309,67,215,342,254,0.6787
527,1206,22073,92,853,185,187,0.9593
528,1206,3350,396,223,183,183,0.7982
529,1206,32309,565,817,354,269,0.7704
530,1207,16231,152,828,191,191,0.8336
531,1207,3482,172,276,258,218,0.8226
532,1207,27776,637,292,174,194,0.7763
533,1207,22346,685,812,212,207,0.7746
534,1209,16231,643,250,187,181,0.8328
535,1209,3482,567,812,264,219,0.8109
536,1209,27776,179,814,175,199,0.7709
537,1209,22346,102,260,205,197,0.7653
538,1210,35205,659,174,223,403,0.8401
539,1210,34596,66,138,474,386,0.8368
540,1210,20876,117,768,331,230,0.831
541,1210,3482,650,748,210,269,0.8126
542,1212,34596,452,709,487,404,0.8458
543,1212,35205,99,673,235,409,0.8319
544,1212,3482,141,291,209,257,0.8153
545,1212,20876,543,294,328,234,0.8137
546,1213,5885,593,679,234,491,0.87
547,1213,25437,127,837,254,254,0.8089
548,1213,22626,101,1,314,487,0.8012
549,1213,2482,662,61,199,485,0.7572
550,1214,5885,601,684,244,501,0.8672
551,1214,25437,128,848,259,267,0.8086
552,1214,22626,104,29,312,499,0.8015
553,1214,2482,655,94,197,474,0.7505
554,1216,27925,157,171,259,460,0.8236
555,1216,16550,619,177,279,465,0.7947
556,1216,3543,660,866,213,211,0.7806
557,1216,10220,129,847,230,226,0.7451
558,1219,29344,576,665,286,447,0.9248
559,1219,16550,68,582,326,464,0.8025
560,1219,3543,103,241,203,199,0.7724
561,1219,10220,649,207,220,213,0.6204
562,122,25366,49,93,375,472,0.8102
563,122,3482,572,810,281,193,0.8073
564,122,29666,590,169,218,215,0.7606
565,122,25468,48,788,351,299,0.7017
566,1220,29344,604,699,282,448,0.9242
567,1220,16550,93,630,338,454,0.8054
568,1220,3543,121,251,206,200,0.7779
569,1220,10220,678,214,224,213,0.5994
570,1222,36636,616,202,182,242,0.8234
571,1222,3482,560,810,288,175,0.8228
572,1222,25366,93,104,318,492,0.806
573,1222,27652,61,810,227,211,0.7511
574,1224,36636,644,208,187,246,0.8229
575,1224,3482,588,845,284,166,0.8122
576,1224,25366,119,121,318,502,0.802
577,1224,27652,95,852,222,207,0.758
578,1226,35205,582,96,287,377,0.8252
579,1226,3482,600,868,258,229,0.8198
580,1226,31884,122,8,322,540,0.7213
581,1226,19860,126,865,221,168,0.6677
582,1227,35205,107,772,301,389,0.84
583,1227,3482,149,218,246,222,0.8112
584,1227,31884,547,693,327,555,0.7475
585,1227,19860,638,277,219,171,0.6474
586,1232,20876,592,259,324,242,0.8445
587,1232,3482,144,287,210,257,0.7978
588,1232,29666,133,859,230,227,0.794
589,1232,31884,542,660,407,522,0.7875
590,1235,16547,620,144,239,227,0.8264
591,1235,21770,160,806,190,185,0.8224
592,1235,1899,151,253,195,162,0.7983
593,1235,33008,549,836,373,200,0.7549
594,1237,16547,613,189,238,225,0.8394
595,1237,31704,169,686,252,444,0.8033
596,1237,1899,104,269,205,123,0.7888
597,1237,44198,634,799,162,281,0.743
598,1238,16547,130,843,242,236,0.8295
599,1238,31704,573,176,248,421,0.7943
600,1238,1899,682,879,211,132,0.7876
601,1238,44198,206,232,160,270,0.7713
602,1239,16547,584,179,232,227,0.8349
603,1239,31704,138,644,252,451,0.796
604,1239,1899,88,260,201,126,0.7923
605,1239,44198,605,769,168,284,0.788
606,124,21770,685,881,197,194,0.8423
607,124,1899,174,280,204,141,0.7977
608,124,16550,0,764,369,455,0.7907
609,124,21025,671,272,178,173,0.7508
610,1242,29344,91,705,285,449,0.9156
611,1242,1899,159,258,127,198,0.7848
612,1242,16550,545,90,287,468,0.7825
613,1242,44198,637,804,161,286,0.7529
614,1243,27732,124,768,313,275,0.8399
615,1243,35205,601,126,254,388,0.8398
616,1243,3482,608,790,274,208,0.8117
617,1243,30307,66,137,376,427,0.7616
618,1244,27732,564,259,301,268,0.8437
619,1244,35205,121,732,273,399,0.8214
620,1244,3482,124,307,268,201,0.8157
621,1244,30307,560,688,387,434,0.7667
622,1245,35205,574,120,247,378,0.8381
623,1245,27732,88,724,321,282,0.8275
624,1245,3482,579,757,277,210,0.8007
625,1245,30307,53,122,362,417,0.7734
626,1246,34596,55,82,398,461,0.8649
627,1246,3482,537,780,267,226,0.8015
628,1246,16261,575,186,238,229,0.8005
629,1246,27776,143,774,180,206,0.7846
630,1248,34596,519,662,418,480,0.8457
631,1248,3482,173,273,259,217,0.8207
632,1248,16261,135,835,251,243,0.7905
633,1248,27776,638,291,175,195,0.7788
634,125,21770,115,203,192,184,0.8334
635,125,16550,625,32,349,440,0.796
636,125,1899,622,887,209,141,0.7934
637,125,21025,138,869,179,176,0.7357
638,1250,12777,101,62,303,526,0.81
639,1250,5093,103,810,282,284,0.7892
640,1250,2482,610,87,211,469,0.73
641,1250,4377,597,702,224,468,0.7035
642,1251,12777,547,647,296,527,0.8406
643,1251,5093,549,191,271,268,0.7698
644,1251,2482,86,678,232,479,0.7296
645,1251,4377,138,106,212,438,0.7149
646,1252,20876,70,797,326,243,0.8267
647,1252,3482,646,754,212,268,0.807
648,1252,30307,77,80,401,408,0.7703
649,1252,29666,623,184,225,216,0.7637
650,1254,20876,37,754,327,252,0.853
651,1254,3482,620,720,211,271,0.8107
652,1254,30307,64,67,383,400,0.7757
653,1254,29666,595,180,219,215,0.7622
654,1256,1899,642,829,170,199,0.8109
655,1256,16550,88,664,301,483,0.7895
656,1256,31704,134,129,244,420,0.7861
657,1256,19606,655,271,156,150,0.6264
658,126,21770,99,195,187,182,0.8552
659,126,16550,595,28,344,428,0.8245
660,126,1899,593,856,212,145,0.7933
661,126,21025,103,834,182,178,0.7227
662,1261,16231,647,230,194,181,0.8744
663,1261,3482,588,845,282,168,0.8116
664,1261,22346,140,169,205,197,0.7631
665,1261,27652,95,852,222,207,0.7575
666,1262,16231,621,221,186,181,0.8626
667,1262,3482,559,811,288,175,0.8213
668,1262,22346,123,164,201,193,0.7777
669,1262,27652,60,810,226,210,0.7533
670,1263,16231,141,847,197,192,0.8646
671,1263,3482,134,285,275,177,0.8178
672,1263,22346,645,902,213,208,0.8018
673,1263,27652,670,255,221,200,0.7729
674,1264,3350,390,861,190,191,0.8049
675,1264,36636,227,319,202,236,0.8015
676,1264,31862,638,321,204,205,0.7522
677,1265,3350,355,177,184,189,0.8039
678,1265,36636,505,662,209,250,0.7984
679,1265,31862,81,705,207,210,0.7443
680,1266,3350,397,236,185,183,0.7939
681,1266,36636,546,752,205,244,0.7857
682,1266,31862,124,791,205,205,0.7265
683,1269,13899,620,759,171,261,0.8075
684,1269,3350,361,232,183,181,0.8028
685,1269,36636,217,769,211,241,0.7919
686,127,22361,617,778,259,426,0.8365
687,127,5093,134,856,285,287,0.796
688,127,6191,139,160,287,528,0.7651
689,127,2482,639,114,203,476,0.7392
690,1270,27925,146,144,257,450,0.8375
691,1270,16547,113,853,243,237,0.8276
692,1270,1899,630,893,212,134,0.8164
693,1270,18109,638,268,304,287,0.681
694,1272,16547,631,177,236,226,0.8423
695,1272,1899,158,249,204,125,0.8173
696,1272,27925,597,671,259,482,0.8089
697,1272,18109,45,737,309,291,0.6857
698,1273,25437,553,205,248,250,0.818
699,1273,6191,543,593,297,526,0.7892
700,1273,13394,111,46,235,483,0.7753
701,1273,2482,107,679,229,490,0.7383
702,1274,25437,124,811,254,255,0.8069
703,1274,6191,103,79,293,531,0.7747
704,1274,2482,602,42,214,489,0.7411
705,1274,13394,586,712,239,499,0.7106
706,1278,3831,147,600,311,423,0.9703
707,1278,38161,619,702,191,299,0.8541
708,1278,3350,417,255,184,182,0.8135
709,1279,21770,674,287,188,180,0.8073
710,1279,31704,124,132,246,422,0.8037
711,1279,1899,646,856,211,155,0.7994
712,1279,16550,84,766,298,496,0.7952
713,128,22361,605,777,255,412,0.8572
714,128,5093,134,847,278,273,0.7925
715,128,6191,134,132,289,527,0.7891
716,128,2482,648,80,198,488,0.76
717,1280,1899,122,261,200,147,0.7997
718,1280,21770,90,810,193,189,0.7982
719,1280,31704,604,691,257,452,0.7898
720,1280,16550,574,0,282,452,0.7808
721,1282,19551,506,584,312,500,0.8556
722,1282,13394,87,81,226,484,0.7725
723,1282,2482,58,645,202,487,0.7193
724,1282,3742,494,127,315,302,0.6789
725,1284,19551,120,115,314,499,0.8544
726,1284,13394,627,668,234,503,0.7544
727,1284,2482,670,76,205,488,0.7446
728,1284,3742,115,829,323,319,0.6989
729,129,22361,81,75,250,394,0.8794
730,129,5093,519,151,270,264,0.7905
731,129,6191,519,549,284,522,0.7777
732,129,2482,81,643,206,489,0.7296
733,1290,29344,589,533,270,446,0.9356
734,1290,16547,537,139,232,225,0.8327
735,1290,1899,161,256,128,198,0.7891
736,1290,18109,43,722,310,299,0.6771
737,1293,3482,538,780,266,226,0.7998
738,1293,27776,144,775,179,206,0.7877
739,1293,20237,576,191,220,214,0.7806
740,1293,30307,114,85,310,448,0.761
741,1294,34596,12,47,421,450,0.8473
742,1294,35205,677,155,206,405,0.8376
743,1294,3482,588,845,283,166,0.8104
744,1294,27652,95,852,223,207,0.759
745,1295,34596,3,22,406,456,0.8604
746,1295,3482,559,811,288,176,0.8215
747,1295,35205,648,144,202,399,0.8166
748,1295,27652,61,810,226,211,0.753
749,1296,34596,564,728,411,478,0.8536
750,1296,3482,133,286,276,176,0.8191
751,1296,35205,102,688,205,416,0.8132
752,1296,27652,670,255,220,200,0.7688
753,1297,12419,687,274,183,171,0.9066
754,1297,16547,150,245,232,225,0.8187
755,1297,3543,644,919,215,213,0.7904
756,1297,4542,156,890,212,211,0.6373
757,1298,12419,118,860,185,181,0.8902
758,1298,16547,617,828,237,228,0.8413
759,1298,3543,140,144,208,202,0.774
760,1298,4542,617,168,206,200,0.6872
761,13,3350,429,853,189,191,0.8055
762,13,33879,476,245,438,273,0.7701
763,13,16231,142,330,193,190,0.7653
764,130,3482,173,275,259,219,0.8156
765,130,36636,131,828,189,255,0.8078
766,130,27776,637,292,174,194,0.7705
767,130,30307,507,763,466,318,0.6666
768,1300,3482,587,845,283,167,0.8085
769,1300,31884,73,126,459,463,0.8078
770,1300,29666,632,180,222,215,0.7777
771,1300,27652,94,851,223,207,0.7589
772,1302,3482,558,811,288,176,0.8172
773,1302,29666,603,176,218,214,0.7816
774,1302,31884,59,101,443,460,0.768
775,1302,27652,60,810,226,210,0.7535
776,1305,27925,596,159,260,453,0.8198
777,1305,1899,632,893,211,135,0.8145
778,1305,16550,77,670,333,468,0.8061
779,1305,44198,137,292,285,149,0.7281
780,1309,27732,560,255,300,266,0.8516
781,1309,28762,584,871,221,212,0.8464
782,1309,3482,125,306,269,201,0.8169
783,1309,29666,85,861,232,228,0.7897
784,1311,27732,94,731,319,279,0.8414
785,1311,3482,578,758,276,209,0.8005
786,1311,28762,175,186,207,200,0.7909
787,1311,29666,639,176,219,214,0.7905
788,1312,5885,596,681,236,493,0.8903
789,1312,22626,70,56,321,484,0.8133
790,1312,5093,108,805,276,273,0.7618
791,1312,2482,615,48,256,472,0.7379
792,1315,19231,543,207,297,287,0.8745
793,1315,3350,421,878,190,192,0.7945
794,1315,16687,146,88,277,603,0.5215
795,1316,19231,82,693,306,306,0.8661
796,1316,3350,325,162,185,187,0.803
797,1316,16687,514,476,291,649,0.532
798,132,36636,666,180,186,248,0.8181
799,132,3482,565,812,265,220,0.8101
800,132,27776,178,813,174,200,0.7638
801,132,30307,27,177,459,311,0.7438
802,1322,6191,480,595,340,502,0.7778
803,1322,5093,549,192,271,267,0.775
804,1322,2482,87,679,230,478,0.7276
805,1322,4377,139,106,211,438,0.7126
806,1323,6191,126,104,334,504,0.7839
807,1323,5093,103,801,277,272,0.7775
808,1323,2482,616,53,222,483,0.7417
809,1323,4377,588,698,217,452,0.6987
810,1326,3350,368,245,183,183,0.7981
811,1326,18356,159,670,269,351,0.7904
812,1326,20237,600,839,227,222,0.7774
813,1327,16547,165,814,242,237,0.8372
814,1327,1899,643,846,189,187,0.8066
815,1327,44198,175,233,195,261,0.7386
816,1327,29450,508,243,410,220,0.7275
817,1328,16547,581,217,235,225,0.8356
818,1328,1899,167,247,183,182,0.8171
819,1328,29450,70,843,415,216,0.76
820,1328,44198,626,811,204,267,0.7464
821,1329,16547,553,207,232,225,0.8388
822,1329,1899,148,240,182,181,0.8094
823,1329,44198,597,779,209,272,0.7507
824,1329,29450,34,801,420,225,0.7363
825,1330,34596,90,163,446,421,0.8466
826,1330,35205,609,122,233,396,0.8424
827,1330,3482,601,845,279,186,0.8089
828,1330,25468,85,828,344,301,0.6846
829,1331,34596,76,133,431,426,0.8391
830,1331,35205,584,114,223,390,0.8375
831,1331,3482,576,811,279,192,0.8078
832,1331,25468,49,788,349,301,0.6772
833,1332,34596,455,648,455,440,0.85
834,1332,35205,135,728,248,408,0.829
835,1332,3482,124,272,273,189,0.8093
836,1332,25468,572,185,328,287,0.6737
837,1333,3350,399,921,191,192,0.7925
838,1333,36636,157,285,193,242,0.7838
839,1333,20013,578,283,339,318,0.6978
840,1337,16547,577,187,236,226,0.8465
841,1337,1899,167,247,184,180,0.8184
842,1337,29450,496,819,397,268,0.7855
843,1337,18109,77,789,306,293,0.6976
844,134,3482,559,811,288,175,0.8194
845,134,35205,649,144,201,399,0.8173
846,134,31884,40,6,355,522,0.7558
847,134,27652,61,810,226,211,0.7527
848,1340,24849,580,287,291,168,0.8525
849,1340,16547,186,824,240,238,0.8406
850,1340,1899,643,859,210,157,0.7959
851,1340,31704,135,127,244,419,0.7839
852,1345,3482,600,845,279,187,0.8006
853,1345,31884,167,131,423,492,0.7885
854,1345,29666,618,173,223,214,0.7642
855,1345,25468,82,829,347,299,0.6995
856,1347,3482,126,271,273,190,0.8098
857,1347,29666,139,870,230,226,0.7794
858,1347,31884,414,617,426,511,0.7752
859,1347,25468,572,187,330,285,0.6859
860,1348,22073,673,309,185,188,0.8572
861,1348,3350,360,879,191,193,0.8039
862,1348,31862,186,265,202,203,0.748
863,135,35205,677,155,206,405,0.84
864,135,3482,588,845,283,167,0.8072
865,135,27652,96,852,221,207,0.7562
866,135,31884,50,22,371,526,0.7529
867,1350,22073,106,814,184,188,0.9464
868,1350,3350,425,219,186,184,0.803
869,1350,31862,588,858,205,204,0.7199
870,1353,34596,512,677,442,459,0.8467
871,1353,16231,152,828,191,191,0.8342
872,1353,3482,172,276,258,218,0.8217
873,1353,27776,637,292,175,196,0.7803
874,1354,20876,543,294,328,234,0.8176
875,1354,36636,166,800,188,255,0.8105
876,1354,3482,141,291,209,257,0.8083
877,1354,30307,578,734,339,468,0.7496
878,1355,20876,83,726,333,239,0.8395
879,1355,3482,623,716,210,272,0.8139
880,1355,36636,605,204,177,242,0.8039
881,1355,30307,81,47,321,442,0.7589
882,1357,6562,165,673,219,365,0.8558
883,1357,16547,578,169,230,225,0.8437
884,1357,3543,94,228,203,199,0.7604
885,1357,12419,626,814,190,185,0.7099
886,1358,16547,605,175,238,226,0.8397
887,1358,6562,196,714,218,361,0.834
888,1358,3543,111,239,208,201,0.7797
889,1358,12419,653,848,189,179,0.5362
890,1359,6562,581,230,213,339,0.8654
891,1359,16547,137,854,243,237,0.8254
892,1359,12419,162,277,183,178,0.8053
893,1359,3543,675,828,212,210,0.791
894,136,44198,134,243,242,230,0.8247
895,136,16550,78,652,313,482,0.8069
896,136,1899,651,849,210,161,0.8064
897,136,33008,566,211,318,291,0.7696
898,1361,19231,167,648,244,358,0.8844
899,1361,3350,356,148,184,189,0.8033
900,1361,29666,627,690,232,230,0.7935
901,1363,16261,119,293,242,233,0.8178
902,1363,3350,432,886,189,192,0.79
903,1363,33879,452,241,432,291,0.7882
904,1366,3482,134,285,275,176,0.8161
905,1366,29666,124,864,229,226,0.7801
906,1366,27652,671,255,221,200,0.7765
907,1366,22346,662,838,212,205,0.7655
908,1367,3482,558,810,288,176,0.8172
909,1367,29666,604,176,217,213,0.7717
910,1367,27652,60,810,225,210,0.7539
911,1367,22346,106,225,201,193,0.7399
912,1369,3482,600,868,258,228,0.8192
913,1369,16261,637,177,246,230,0.7921
914,1369,22346,118,213,206,198,0.7874
915,1369,19860,125,865,221,169,0.6698
916,1371,16261,608,172,240,227,0.802
917,1371,3482,572,836,261,231,0.7998
918,1371,22346,102,205,202,194,0.7774
919,1371,19860,92,827,224,175,0.7109
920,1372,5885,610,696,240,507,0.8752
921,1372,22626,79,97,327,481,0.8101
922,1372,2482,597,108,288,450,0.7249
923,1372,3742,73,813,330,328,0.6848
924,1376,33207,151,297,205,195,0.8598
925,1376,1899,640,858,207,166,0.8182
926,1376,16550,86,701,293,493,0.7879
927,1376,33008,584,242,358,235,0.7428
928,1377,33207,641,806,211,199,0.8562
929,1377,1899,151,256,200,156,0.8004
930,1377,16550,605,54,285,484,0.782
931,1377,33008,45,825,365,229,0.7654
932,1378,35205,107,772,301,389,0.8379
933,1378,3482,150,218,247,221,0.8169
934,1378,22346,623,868,212,208,0.8094
935,1378,19860,638,277,220,170,0.645
936,1379,35205,584,96,285,377,0.8238
937,1379,3482,601,868,258,228,0.8188
938,1379,22346,161,201,206,198,0.7967
939,1379,19860,125,865,221,169,0.6591
940,1381,21324,632,275,238,140,0.8614
941,1381,3350,406,844,189,191,0.7974
942,1381,32309,35,233,363,236,0.7045
943,1384,3482,565,815,265,219,0.8145
944,1384,25366,48,95,420,453,0.8097
945,1384,20237,604,195,225,215,0.7872
946,1384,27776,178,814,175,199,0.7691
947,1385,25366,38,80,401,448,0.807
948,1385,3482,537,780,267,226,0.8019
949,1385,27776,144,775,180,206,0.7887
950,1385,20237,576,191,220,214,0.7747
951,1386,3482,173,273,259,218,0.8251
952,1386,25366,532,701,425,467,0.8111
953,1386,27776,638,291,175,195,0.7752
954,1386,20237,151,850,232,226,0.7723
955,1387,20876,137,831,274,310,0.8863
956,1387,3482,641,759,202,271,0.7975
957,1387,22346,111,241,206,197,0.7689
958,1387,20237,602,181,224,217,0.764
959,139,35205,585,114,222,390,0.8321
960,139,3482,573,811,280,192,0.8047
961,139,31884,12,47,393,500,0.7909
962,139,25468,50,788,348,300,0.6884
963,1390,25437,156,872,258,268,0.8114
964,1390,22626,110,167,370,450,0.8032
965,1390,22361,605,748,265,419,0.768
966,1390,2482,601,109,202,476,0.7389
967,1392,22361,598,743,257,409,0.8163
968,1392,25437,155,861,254,256,0.8039
969,1392,22626,105,132,371,455,0.7989
970,1392,2482,607,79,215,482,0.7432
971,1393,3482,173,273,259,218,0.8227
972,1393,16261,135,835,250,243,0.7914
973,1393,22346,683,871,212,207,0.7826
974,1393,27776,639,291,175,194,0.7722
975,1395,3482,537,780,266,226,0.8015
976,1395,22346,88,193,201,194,0.7982
977,1395,16261,575,186,238,228,0.7982
978,1395,27776,144,775,179,205,0.7848
979,1396,19551,509,593,326,486,0.8667
980,1396,13394,81,83,227,482,0.7771
981,1396,5093,521,162,271,265,0.7696
982,1396,2482,78,660,216,487,0.7317
983,140,35205,611,121,231,399,0.829
984,140,3482,601,845,279,186,0.8031
985,140,31884,21,68,413,503,0.7846
986,140,25468,84,828,344,301,0.6906
987,1401,3482,125,270,272,190,0.8086
988,1401,29666,137,870,231,227,0.7858
989,1401,22346,650,852,213,206,0.7732
990,1401,25468,572,186,331,285,0.673
991,1402,20237,85,334,224,221,0.8071
992,1402,3350,423,884,191,192,0.7938
993,1402,33879,458,198,390,360,0.7591
994,1404,3350,365,214,185,183,0.798
995,1404,20237,669,762,228,222,0.7621
996,1404,33879,115,743,391,374,0.694
997,1407,38161,602,792,247,254,0.8748
998,1407,3350,379,230,184,182,0.8043
999,1407,33879,99,682,316,434,0.6824
1000,1408,33207,656,900,217,209,0.845
1001,1408,16547,72,808,242,237,0.8325
1002,1408,1899,188,273,202,136,0.8031
1003,1408,21025,684,274,178,171,0.7368
1004,1411,36636,644,207,187,247,0.8188
1005,1411,3482,589,844,283,167,0.8073
1006,1411,30307,69,127,388,419,0.7673
1007,1411,27652,96,853,222,207,0.7574
1008,1413,3482,131,287,276,175,0.8168
1009,1413,36636,150,802,194,253,0.8016
1010,1413,30307,549,706,397,425,0.7736
1011,1413,27652,668,255,222,199,0.7724
1012,1414,27925,555,596,277,485,0.8249
1013,1414,16547,56,776,238,232,0.7972
1014,1414,3543,109,195,202,198,0.7781
1015,1414,10220,600,190,217,213,0.7122
1016,1418,16550,106,649,290,490,0.7977
1017,1418,1899,126,256,200,149,0.7955
1018,1418,31704,593,697,253,454,0.7933
1019,142,44198,77,177,250,223,0.8834
1020,142,16547,593,156,231,224,0.8327
1021,142,1899,581,865,211,144,0.7964
1022,142,21025,91,831,181,179,0.7886
1023,1420,3350,409,874,189,191,0.7884
1024,1420,41767,100,241,291,263,0.7686
1025,1420,16687,540,63,269,602,0.5276
1026,1421,3350,337,166,184,188,0.8014
1027,1421,41767,550,720,301,278,0.7515
1028,1421,16687,111,516,276,646,0.4932
1029,1424,35205,585,131,218,393,0.8236
1030,1424,3482,537,778,267,225,0.7987
1031,1424,27776,144,775,180,205,0.7921
1032,1424,31884,97,78,361,519,0.7546
1033,1425,3482,566,812,264,220,0.8151
1034,1425,35205,611,142,228,401,0.8146
1035,1425,27776,177,813,174,199,0.7672
1036,1425,31884,111,98,374,523,0.7571
1037,1429,29344,604,700,282,447,0.923
1038,1429,16547,125,830,236,227,0.8404
1039,1429,3543,121,251,207,201,0.7686
1040,1429,10220,678,214,225,213,0.5924
1041,143,44198,92,183,255,229,0.8702
1042,143,16547,621,162,237,225,0.8438
1043,143,1899,607,900,209,138,0.7905
1044,143,21025,125,866,178,176,0.778
1045,1431,29344,576,664,285,447,0.9197
1046,1431,16547,90,789,240,233,0.8189
1047,1431,3543,103,241,203,200,0.7743
1048,1431,10220,648,206,220,213,0.6148
1049,1433,38161,607,753,295,208,0.8918
1050,1433,3350,367,172,182,185,0.81
1051,1433,32309,0,664,301,326,0.7373
1052,1435,13899,170,338,168,256,0.8481
1053,1435,3350,398,853,187,191,0.7939
1054,1435,20237,588,307,225,217,0.7276
1055,1436,13899,600,624,176,268,0.8233
1056,1436,3350,349,186,184,188,0.8098
1057,1436,20237,110,699,229,227,0.7462
1058,1438,6562,581,231,211,338,0.8677
1059,1438,12246,174,301,207,127,0.8496
1060,1438,16547,205,841,244,238,0.824
1061,1438,3543,699,858,212,210,0.8026
1062,1439,12246,591,847,213,129,0.8868
1063,1439,6562,166,673,219,365,0.8627
1064,1439,16547,513,179,231,225,0.8374
1065,1439,3543,72,201,202,198,0.7506
1066,1441,27732,93,732,319,278,0.8356
1067,1441,36636,590,203,255,169,0.8122
1068,1441,3482,580,758,275,210,0.7992
1069,1441,22346,117,173,201,193,0.7535
1070,1442,27732,129,777,312,275,0.8453
1071,1442,36636,620,208,261,170,0.8159
1072,1442,3482,607,791,274,207,0.8078
1073,1442,22346,134,178,206,197,0.7351
1074,1444,23222,518,627,299,504,0.8289
1075,1444,2482,95,694,208,489,0.7302
1076,1444,4377,134,107,218,436,0.7194
1077,1444,3742,480,150,314,302,0.6609
1078,1446,23222,117,66,297,511,0.8201
1079,1446,2482,630,25,199,492,0.7182
1080,1446,4377,584,698,228,453,0.7126
1081,1446,3742,129,802,322,319,0.6825
1082,1447,16547,44,791,241,233,0.818
1083,1447,29450,466,766,412,246,0.8112
1084,1447,3543,103,179,202,199,0.774
1085,1447,10220,626,192,222,213,0.6001
1086,1449,16547,80,832,237,226,0.8361
1087,1449,3543,118,185,208,200,0.7899
1088,1449,29450,495,807,408,237,0.7315
1089,1449,10220,656,199,225,213,0.6294
1090,1450,12777,109,60,294,526,0.8207
1091,1450,25437,124,811,254,255,0.8058
1092,1450,2482,604,42,212,489,0.739
1093,1450,13394,586,712,238,499,0.7202
1094,1452,12777,110,92,294,531,0.8246
1095,1452,25437,125,824,257,266,0.8057
1096,1452,13394,601,715,232,513,0.7589
1097,1452,2482,597,81,203,472,0.7463
1098,1453,3350,457,906,191,192,0.7861
1099,1453,18356,52,312,273,328,0.7665
1100,1453,16687,478,125,424,531,0.477
1101,1455,3350,333,191,183,182,0.7959
1102,1455,18356,649,645,283,345,0.7184
1103,1455,16687,68,619,437,588,0.4379
1104,1458,23222,75,166,297,503,0.8309
1105,1458,25437,109,831,254,252,0.8017
1106,1458,2482,607,67,245,473,0.7431
1107,1458,4377,640,707,223,450,0.6941
1108,1459,22626,71,184,317,478,0.8044
1109,1459,5093,104,809,283,287,0.7881
1110,1459,12080,649,690,245,468,0.7428
1111,1459,2482,627,67,222,473,0.7352
1112,146,16231,152,828,191,191,0.8295
1113,146,3482,172,276,258,217,0.8147
1114,146,27776,637,292,175,196,0.7732
1115,146,31884,553,671,405,530,0.7671
1116,1460,22626,547,573,315,482,0.8147
1117,1460,5093,548,191,270,264,0.7913
1118,1460,12080,72,128,226,429,0.765
1119,1460,2482,55,702,247,478,0.715
1120,1461,22626,68,148,321,482,0.8129
1121,1461,5093,104,800,277,274,0.7918
1122,1461,2482,633,27,235,482,0.7305
1123,1461,12080,642,686,235,452,0.7201
1124,1462,3482,132,286,275,177,0.8183
1125,1462,25366,521,676,429,462,0.8134
1126,1462,20237,132,868,231,225,0.7779
1127,1462,27652,668,254,222,200,0.7665
1128,1463,3482,588,845,284,167,0.8121
1129,1463,25366,58,124,422,451,0.8081
1130,1463,20237,623,177,226,215,0.7733
1131,1463,27652,96,852,223,207,0.7553
1132,1464,3482,560,810,288,176,0.819
1133,1464,25366,43,105,408,447,0.8083
1134,1464,20237,594,175,221,212,0.7564
1135,1464,27652,62,810,227,211,0.7533
1136,1466,3482,559,811,288,175,0.8175
1137,1466,22346,106,178,201,194,0.7907
1138,1466,16261,594,177,236,227,0.7847
1139,1466,27652,61,810,226,210,0.7496
1140,1473,19606,154,216,155,153,0.9364
1141,1473,1899,614,860,203,157,0.8179
1142,1473,21025,125,866,178,176,0.7762
1143,1473,16550,573,90,283,481,0.7684
1144,1474,27732,125,768,313,275,0.8367
1145,1474,34596,66,103,439,424,0.8346
1146,1474,36636,620,207,259,170,0.8259
1147,1474,3482,608,790,274,207,0.8124
1148,1476,34596,53,75,429,429,0.8485
1149,1476,27732,89,724,320,283,0.8264
1150,1476,36636,591,202,254,170,0.8166
1151,1476,3482,579,756,276,209,0.8017
1152,1477,18356,357,678,252,368,0.7711
1153,1477,3350,651,287,184,183,0.7462
1154,1477,36636,87,230,237,213,0.6738
1155,148,19231,503,237,322,254,0.8724
1156,148,3350,402,849,189,192,0.8059
1157,148,20237,120,298,225,220,0.7832
1158,1480,6562,590,238,213,339,0.8614
1159,1480,16547,171,833,242,238,0.8208
1160,1480,10220,157,262,219,212,0.8065
1161,1480,3543,643,876,213,211,0.7891
1162,1483,35205,107,772,301,389,0.8322
1163,1483,28762,631,898,221,215,0.8172
1164,1483,3482,149,218,247,222,0.811
1165,1483,19860,638,277,220,171,0.6455
1166,1485,28762,147,168,213,202,0.8475
1167,1485,35205,584,96,285,376,0.8196
1168,1485,3482,600,868,259,229,0.819
1169,1485,19860,125,864,221,169,0.6618
1170,1488,21324,209,825,202,199,0.8521
1171,1488,3350,391,206,184,182,0.8164
1172,1488,31862,625,831,206,204,0.8058
1173,1489,3350,401,850,190,191,0.7971
1174,1489,20237,183,281,225,218,0.7692
1175,1489,20013,537,288,338,317,0.6922
1176,149,19231,98,698,332,266,0.8646
1177,149,3350,346,189,183,188,0.8015
1178,149,20237,593,711,230,228,0.761
1179,1492,3350,378,904,190,191,0.7991
1180,1492,21324,184,276,158,232,0.7859
1181,1492,18146,526,293,337,358,0.7057
1182,1493,3350,366,137,184,189,0.8018
1183,1493,21324,598,720,158,240,0.7816
1184,1493,18146,51,542,354,380,0.7249
1185,1497,34596,61,59,307,498,0.8475
1186,1497,3482,566,841,259,231,0.8102
1187,1497,29666,611,198,217,215,0.8004
1188,1497,19860,84,826,226,176,0.7218
1189,15,16231,641,795,196,191,0.8213
1190,15,3350,359,247,185,183,0.8036
1191,15,33879,45,783,448,278,0.7945
1192,150,19231,140,800,329,263,0.8532
1193,150,3350,388,250,183,183,0.8055
1194,150,20237,633,801,228,222,0.7905
1195,1500,38161,196,734,185,299,0.8306
1196,1500,3350,351,237,183,181,0.813
1197,1500,41767,572,861,348,181,0.7841
1198,151,33207,183,267,204,196,0.8548
1199,151,16547,96,818,242,237,0.8363
1200,151,1899,643,844,188,188,0.8012
1201,151,29450,506,243,411,219,0.7288
1202,152,33207,583,811,211,203,0.8547
1203,152,16547,619,203,233,225,0.8277
1204,152,1899,147,240,183,181,0.8045
1205,152,29450,34,801,420,225,0.7317
1206,153,33207,611,843,210,199,0.8445
1207,153,16547,649,212,236,226,0.8346
1208,153,1899,166,247,183,182,0.816
1209,153,29450,70,843,415,216,0.7576
1210,154,5885,596,682,235,492,0.8916
1211,154,23222,89,132,317,494,0.8088
1212,154,5093,107,806,276,273,0.7713
1213,154,2482,615,48,256,471,0.7357
1214,155,5885,115,84,230,472,0.8334
1215,155,23222,532,577,321,494,0.7926
1216,155,5093,546,187,270,265,0.7806
1217,155,2482,68,690,252,471,0.7185
1218,156,5885,603,686,247,501,0.8641
1219,156,23222,92,169,318,491,0.8181
1220,156,5093,107,815,282,284,0.7809
1221,156,2482,603,84,265,461,0.7359
1222,157,3482,537,780,267,226,0.8027
1223,157,16261,575,186,237,229,0.8004
1224,157,25366,106,81,392,461,0.7943
1225,157,27776,144,775,179,206,0.7889
1226,159,3482,565,814,265,219,0.814
1227,159,25366,121,96,405,465,0.8132
1228,159,16261,603,194,245,229,0.7941
1229,159,27776,178,814,174,199,0.7691
1230,160,23202,211,317,134,138,0.7943
1231,160,16550,575,264,289,470,0.7931
1232,160,3543,626,888,213,211,0.7812
1233,160,4542,143,914,215,210,0.6972
1234,162,16550,128,535,291,478,0.7834
1235,162,3543,158,177,207,201,0.7709
1236,162,23202,654,853,137,136,0.7037
1237,162,4542,626,143,208,202,0.6919
1238,163,28762,127,173,212,205,0.8345
1239,163,16231,643,250,187,181,0.8273
1240,163,3482,567,812,265,219,0.8118
1241,163,27776,179,814,175,199,0.7705
1242,164,16231,152,828,191,191,0.844
1243,164,28762,653,891,220,216,0.839
1244,164,3482,172,276,258,217,0.8162
1245,164,27776,637,292,174,194,0.7771
1246,165,16231,614,239,184,181,0.8291
1247,165,28762,110,169,209,196,0.7993
1248,165,3482,538,777,267,224,0.7972
1249,165,27776,146,776,178,204,0.7844
1250,17,3350,297,165,185,188,0.809
1251,17,35205,117,584,304,386,0.772
1252,17,41767,558,642,276,301,0.7597
1253,170,6191,120,163,303,516,0.7841
1254,170,5093,105,809,283,288,0.7827
1255,170,12080,649,690,244,468,0.7508
1256,170,2482,623,69,229,471,0.7349
1257,172,3482,587,845,283,167,0.8082
1258,172,25366,113,62,340,505,0.8076
1259,172,29666,631,179,223,215,0.7769
1260,172,27652,94,851,223,206,0.7572
1261,173,3482,558,811,288,176,0.8159
1262,173,25366,101,51,326,495,0.8052
1263,173,29666,603,176,218,214,0.7771
1264,173,27652,60,810,226,211,0.7514
1265,174,3482,134,286,276,177,0.817
1266,174,25366,549,684,341,515,0.8003
1267,174,29666,124,864,230,226,0.7819
1268,174,27652,671,255,221,200,0.7621
1269,175,3482,594,872,258,230,0.8326
1270,175,29666,638,203,225,215,0.8055
1271,175,30307,123,95,275,479,0.7762
1272,175,19860,120,864,219,170,0.6906
1273,176,3482,158,215,246,221,0.8193
1274,176,29666,118,840,230,227,0.7939
1275,176,30307,592,677,286,485,0.7849
1276,176,19860,644,277,219,171,0.6631
1277,179,3482,173,272,259,218,0.8249
1278,179,22346,644,833,213,207,0.7979
1279,179,20237,150,850,233,226,0.7885
1280,179,27776,638,291,175,194,0.7741
1281,180,20237,576,190,220,214,0.8046
1282,180,3482,538,780,266,226,0.801
1283,180,22346,123,229,201,193,0.7917
1284,180,27776,144,775,179,205,0.7835
1285,183,6562,590,238,214,339,0.8587
1286,183,10220,158,262,219,212,0.8033
1287,183,16550,17,697,405,413,0.7933
1288,183,3543,642,876,213,211,0.7883
1289,185,16547,132,739,239,233,0.8169
1290,185,23202,628,821,138,139,0.7946
1291,185,3543,141,172,202,198,0.7615
1292,185,4542,598,143,204,199,0.6852
1293,186,16547,166,780,237,227,0.8213
1294,186,3543,158,178,207,202,0.7801
1295,186,23202,656,853,138,136,0.7305
1296,186,4542,627,143,208,203,0.6932
1297,189,22361,616,778,260,429,0.8582
1298,189,12777,83,132,292,527,0.8233
1299,189,5093,134,856,284,288,0.7957
1300,189,2482,640,116,203,474,0.7366
1301,19,27732,127,769,312,275,0.8514
1302,19,36636,619,205,260,169,0.823
1303,19,3482,610,788,273,209,0.8209
1304,19,28762,103,171,211,202,0.8033
1305,191,3543,123,181,202,199,0.7733
1306,191,16550,579,569,287,490,0.7598
1307,191,4542,638,151,204,199,0.7001
1308,191,10220,92,788,224,219,0.6116
1309,196,22361,83,119,256,392,0.8526
1310,196,12777,531,517,286,521,0.8165
1311,196,2482,90,662,211,492,0.7206
1312,196,3742,490,128,312,300,0.6888
1313,197,12777,115,170,291,526,0.8136
1314,197,22361,600,730,263,414,0.7607
1315,197,2482,634,62,198,484,0.7416
1316,197,3742,121,828,320,319,0.6869
1317,198,12777,118,196,293,527,0.8409
1318,198,22361,607,733,271,424,0.7373
1319,198,2482,627,97,197,472,0.7179
1320,198,3742,122,836,329,332,0.6988
1321,199,3482,563,813,264,219,0.8185
1322,199,29666,629,164,224,215,0.7968
1323,199,30307,37,116,407,403,0.7608
1324,199,27776,176,811,174,199,0.7599
1325,200,3482,175,274,260,218,0.8233
1326,200,29666,126,879,229,228,0.7849
1327,200,27776,640,294,175,195,0.7763
1328,200,30307,561,733,409,411,0.7581
1329,202,20876,546,294,326,234,0.8168
1330,202,3482,143,289,209,257,0.8028
1331,202,16261,107,835,250,242,0.7971
1332,202,22346,689,868,213,206,0.7944
1333,203,20876,82,725,333,240,0.8338
1334,203,3482,622,719,210,271,0.8193
1335,203,16261,601,185,236,230,0.8093
1336,203,22346,81,197,201,194,0.743
1337,204,20876,116,768,328,231,0.8385
1338,204,3482,648,750,211,268,0.8079
1339,204,16261,630,193,243,230,0.7915
1340,204,22346,98,204,206,197,0.7616
1341,205,6562,166,674,218,365,0.8555
1342,205,23202,623,847,139,140,0.8416
1343,205,16547,591,121,229,224,0.8352
1344,205,3543,111,164,203,198,0.7769
1345,210,3350,417,243,185,183,0.8103
1346,210,29666,161,749,229,222,0.7928
1347,210,31862,595,875,205,204,0.7561
1348,212,16550,481,137,439,353,0.7997
1349,212,1899,622,887,209,141,0.7956
1350,212,21025,138,868,179,176,0.7356
1351,212,18109,57,124,308,289,0.692
1352,213,16550,453,124,430,346,0.8038
1353,213,1899,594,855,212,146,0.7968
1354,213,21025,103,834,182,178,0.723
1355,213,18109,41,115,300,289,0.6748
1356,214,33207,588,801,211,204,0.855
1357,214,1899,140,240,200,128,0.7991
1358,214,16550,568,56,277,465,0.7789
1359,214,27925,92,614,271,487,0.7762
1360,215,33207,615,836,210,198,0.8641
1361,215,27925,129,663,264,480,0.8202
1362,215,1899,157,249,204,126,0.816
1363,215,16550,594,62,287,481,0.7783
1364,217,6191,127,122,276,537,0.8103
1365,217,2482,588,71,244,477,0.7508
1366,217,12080,602,706,231,454,0.7462
1367,217,3742,117,785,321,320,0.6671
1368,219,6191,534,546,272,533,0.7738
1369,219,12080,107,106,231,434,0.7441
1370,219,2482,88,664,255,475,0.7284
1371,219,3742,493,166,313,300,0.7017
1372,222,16261,170,767,245,237,0.8162
1373,222,3350,405,203,184,182,0.8076
1374,222,41767,600,739,278,301,0.7182
1375,224,34596,105,81,370,481,0.8671
1376,224,3482,601,844,279,188,0.8038
1377,224,29666,618,172,224,215,0.7629
1378,224,25468,82,828,345,299,0.6975
1379,225,34596,529,661,373,509,0.8552
1380,225,3482,125,271,272,190,0.8071
1381,225,29666,138,871,230,226,0.7719
1382,225,25468,574,187,329,285,0.6765
1383,226,3482,601,868,257,228,0.8188
1384,226,22346,107,230,207,197,0.7947
1385,226,20237,644,189,224,216,0.7865
1386,226,19860,125,865,221,169,0.6753
1387,229,5885,95,70,240,470,0.8427
1388,229,23222,492,658,410,451,0.7355
1389,229,2482,50,678,285,460,0.7019
1390,229,3742,535,151,314,301,0.6931
1391,23,3482,559,810,288,176,0.8186
1392,23,25366,21,93,415,434,0.8104
1393,23,16261,593,177,236,227,0.7967
1394,23,27652,61,810,227,211,0.7449
1395,231,5885,610,697,239,507,0.8762
1396,231,23222,51,137,395,443,0.7378
1397,231,2482,597,109,287,448,0.7188
1398,231,3742,73,813,330,328,0.6873
1399,232,27732,116,775,321,265,0.8406
1400,232,3482,598,799,275,203,0.8049
1401,232,22346,128,232,206,198,0.8034
1402,232,29666,676,189,227,214,0.7766
1403,234,27732,81,731,326,266,0.8351
1404,234,3482,570,765,277,206,0.8045
1405,234,29666,647,184,221,213,0.7901
1406,234,22346,110,223,202,193,0.7762
1407,236,3482,132,286,276,176,0.8188
1408,236,35205,103,689,203,416,0.8098
1409,236,28762,616,836,221,212,0.8041
1410,236,27652,669,255,222,200,0.7729
1411,237,3482,559,811,288,175,0.8228
1412,237,28762,142,221,210,199,0.8136
1413,237,35205,649,144,201,398,0.8119
1414,237,27652,61,810,226,210,0.7547
1415,238,3350,402,834,187,189,0.8006
1416,238,16261,625,240,242,232,0.7947
1417,238,18356,70,260,298,297,0.7494
1418,24,3482,587,845,283,168,0.809
1419,24,25366,32,106,431,442,0.804
1420,24,16261,623,182,241,231,0.7907
1421,24,27652,95,851,222,207,0.7562
1422,241,3350,410,913,190,192,0.814
1423,241,18146,516,256,307,382,0.7871
1424,241,20237,129,326,226,219,0.7513
1425,243,3350,378,184,184,184,0.8117
1426,243,18146,140,648,316,402,0.7873
1427,243,20237,621,768,230,225,0.7529
1428,244,6562,197,715,217,360,0.8271
1429,244,16550,580,6,285,483,0.7684
1430,244,23202,650,880,137,136,0.7602
1431,244,3543,127,169,208,200,0.7563
1432,247,6191,58,137,334,501,0.8246
1433,247,22361,606,731,272,426,0.7509
1434,247,2482,624,97,200,473,0.7179
1435,247,3742,121,837,329,332,0.6981
1436,248,6191,52,108,334,502,0.7793
1437,248,22361,599,729,264,415,0.7777
1438,248,2482,632,61,202,484,0.7397
1439,248,3742,120,828,323,320,0.687
1440,249,22361,84,119,256,392,0.8523
1441,249,6191,555,596,336,497,0.7914
1442,249,2482,88,662,216,490,0.7182
1443,249,3742,490,128,312,300,0.6871
1444,250,3350,378,849,187,191,0.8112
1445,250,29666,127,207,227,222,0.7963
1446,250,18356,542,229,243,351,0.7622
1447,251,3350,369,178,182,188,0.7988
1448,251,29666,586,794,233,231,0.7941
1449,251,18356,140,595,248,370,0.7805
1450,252,3350,411,238,184,182,0.817
1451,252,18356,182,691,245,370,0.8011
1452,252,29666,624,884,229,224,0.7953
1453,253,3350,445,849,189,190,0.8077
1454,253,35205,61,256,413,221,0.7929
1455,253,33879,453,254,432,287,0.7779
1456,256,19551,495,654,318,498,0.8586
1457,256,25437,542,179,247,252,0.8084
1458,256,5885,112,89,229,471,0.7833
1459,256,2482,63,666,209,488,0.7207
1460,259,3350,383,894,190,191,0.8028
1461,259,41767,110,285,270,285,0.795
1462,259,20237,604,278,226,221,0.7674
1463,262,34596,75,31,336,498,0.8459
1464,262,3482,558,811,288,176,0.8187
1465,262,29666,603,176,218,214,0.7777
1466,262,27652,60,809,225,211,0.7489
1467,264,34596,564,676,350,518,0.8518
1468,264,3482,134,285,276,177,0.8161
1469,264,29666,124,864,230,226,0.7795
1470,264,27652,671,255,220,200,0.7673
1471,265,16231,141,847,197,192,0.8606
1472,265,3482,133,286,276,177,0.8189
1473,265,25366,593,666,382,489,0.808
1474,265,27652,670,255,221,200,0.7668
1475,266,16231,647,230,193,182,0.8757
1476,266,3482,587,845,283,167,0.8097
1477,266,25366,19,103,389,481,0.8012
1478,266,27652,95,852,222,207,0.7596
1479,27,23222,70,110,299,500,0.8392
1480,27,25437,124,823,257,264,0.8035
1481,27,2482,603,81,198,472,0.7479
1482,27,13394,599,714,232,513,0.7429
1483,271,35205,632,166,215,390,0.8349
1484,271,20876,84,726,332,238,0.8304
1485,271,3482,623,717,209,271,0.8168
1486,271,22346,104,187,202,194,0.7696
1487,273,35205,99,673,232,409,0.8319
1488,273,20876,543,294,328,234,0.8145
1489,273,3482,141,290,209,257,0.811
1490,273,22346,666,877,214,207,0.7927
1491,274,3350,419,889,191,192,0.7931
1492,274,21324,205,326,149,232,0.7751
1493,274,20013,576,256,339,318,0.715
1494,275,3350,327,149,185,189,0.8003
1495,275,21324,580,664,153,242,0.7685
1496,275,20013,3,645,348,342,0.6665
1497,277,36636,619,198,266,152,0.832
1498,277,3482,600,868,258,228,0.819
1499,277,30307,78,99,396,401,0.7771
1500,277,19860,125,864,221,169,0.6654
1501,278,36636,95,907,271,164,0.822
1502,278,3482,150,218,247,221,0.8147
1503,278,30307,522,748,408,413,0.7828
1504,278,19860,638,277,219,170,0.6439
1505,28,3482,565,812,265,220,0.8164
1506,28,35205,613,143,226,399,0.8094
1507,28,25366,18,62,418,458,0.808
1508,28,27776,178,813,175,199,0.7663
1509,280,3831,432,274,388,353,0.9225
1510,280,3350,409,867,189,191,0.8044
1511,280,16231,133,290,189,193,0.7886
1512,286,3482,537,779,267,226,0.801
1513,286,16261,575,186,238,229,0.7953
1514,286,27776,144,775,179,206,0.7892
1515,286,30307,31,114,377,408,0.7637
1516,287,3482,173,273,259,218,0.8235
1517,287,16261,135,835,250,243,0.7883
1518,287,30307,574,703,396,424,0.7732
1519,287,27776,638,291,175,195,0.771
1520,288,3482,565,814,265,219,0.8142
1521,288,16261,604,193,244,229,0.7842
1522,288,30307,41,130,391,419,0.7747
1523,288,27776,178,814,174,199,0.7679
1524,289,22361,587,743,255,410,0.8544
1525,289,6191,94,47,272,534,0.8042
1526,289,25437,142,843,255,255,0.7997
1527,289,2482,599,79,249,477,0.7352
1528,29,35205,586,133,217,392,0.8247
1529,29,3482,537,778,267,226,0.7997
1530,29,25366,6,52,404,448,0.7977
1531,29,27776,144,774,180,205,0.7854
1532,291,22361,103,108,249,391,0.8897
1533,291,25437,535,174,245,253,0.8037
1534,291,6191,572,614,275,538,0.7796
1535,291,2482,73,656,255,473,0.7175
1536,292,12777,540,592,331,507,0.8331
1537,292,25437,546,176,247,252,0.8148
1538,292,2482,68,662,202,488,0.7275
1539,292,5885,117,85,224,471,0.6416
1540,295,16231,643,296,192,191,0.8066
1541,295,3350,412,864,190,190,0.8062
1542,295,20013,124,192,337,315,0.7127
1543,298,33207,156,236,205,194,0.8549
1544,298,16547,158,775,241,236,0.8458
1545,298,31704,573,176,248,421,0.794
1546,298,1899,683,878,211,132,0.7894
1547,299,33207,611,846,212,205,0.8477
1548,299,16547,561,245,232,227,0.8387
1549,299,31704,138,644,251,451,0.799
1550,299,1899,87,260,201,126,0.7908
1551,3,27925,571,627,260,490,0.844
1552,3,16550,532,63,381,393,0.7935
1553,3,1899,140,241,200,127,0.7908
1554,3,24849,139,701,184,296,0.616
1555,302,19231,93,633,280,327,0.8679
1556,302,36636,569,712,235,226,0.8069
1557,302,3350,309,160,185,188,0.8003
1558,304,22626,104,143,307,488,0.8115
1559,304,2482,620,68,196,474,0.7252
1560,304,4377,592,702,234,469,0.7234
1561,304,3742,130,813,328,329,0.6947
1562,308,3350,289,206,184,188,0.8171
1563,308,36636,117,710,190,264,0.7843
1564,308,41767,559,603,279,298,0.7295
1565,31,6562,196,714,218,361,0.834
1566,31,3543,111,239,208,202,0.7785
1567,31,16550,590,50,288,480,0.7738
1568,31,12419,653,848,188,179,0.4259
1569,310,12246,618,321,175,184,0.9528
1570,310,16550,106,145,311,450,0.8014
1571,310,3543,654,891,214,212,0.7689
1572,310,4542,138,865,213,210,0.6422
1573,313,20876,36,754,328,251,0.8531
1574,313,34596,16,22,444,408,0.85
1575,313,3482,620,721,211,271,0.8086
1576,313,29666,595,180,219,215,0.7645
1577,315,34596,505,779,466,428,0.8567
1578,315,20876,592,258,324,243,0.8476
1579,315,3482,144,287,211,257,0.7972
1580,315,29666,133,859,231,226,0.7887
1581,316,16547,167,790,236,228,0.8447
1582,316,33008,564,812,367,206,0.7645
1583,316,3543,126,234,208,201,0.7615
1584,316,10220,632,200,224,214,0.6977
1585,317,16547,591,283,231,223,0.8248
1586,317,3543,659,832,213,210,0.7728
1587,317,33008,74,268,361,218,0.7527
1588,317,10220,123,846,231,224,0.7359
1589,32,6562,581,231,212,339,0.8663
1590,32,16550,102,705,294,496,0.7955
1591,32,3543,674,828,212,210,0.7871
1592,32,12419,162,277,183,177,0.7438
1593,320,28762,135,195,209,201,0.8361
1594,320,35205,632,165,216,391,0.8345
1595,320,20876,83,726,333,238,0.8266
1596,320,3482,624,717,210,271,0.8172
1597,323,3482,132,286,276,176,0.8171
1598,323,36636,150,802,195,253,0.8011
1599,323,22346,654,876,214,208,0.7963
1600,323,27652,670,255,221,200,0.7715
1601,324,36636,644,207,188,247,0.8117
1602,324,3482,588,845,284,166,0.8108
1603,324,22346,130,195,206,196,0.7712
1604,324,27652,96,853,222,206,0.7586
1605,325,3482,174,273,259,218,0.82
1606,325,16261,135,836,251,241,0.7958
1607,325,31884,506,701,405,528,0.7839
1608,325,27776,638,292,175,194,0.7699
1609,327,3482,565,814,264,219,0.8153
1610,327,16261,603,193,244,230,0.7944
1611,327,27776,177,813,174,200,0.7677
1612,327,31884,95,26,405,508,0.7647
1613,328,27732,561,255,300,266,0.846
1614,328,3482,125,306,268,201,0.8133
1615,328,36636,100,881,267,178,0.8102
1616,328,31884,516,643,383,534,0.7839
1617,332,16550,564,538,289,486,0.7687
1618,332,3543,125,142,202,196,0.7617
1619,332,4542,588,166,202,198,0.7367
1620,332,12419,83,823,188,183,0.7121
1621,334,16231,627,221,187,182,0.8576
1622,334,20876,83,726,332,237,0.8358
1623,334,3482,623,716,209,271,0.8181
1624,334,22346,145,223,202,194,0.7266
1625,335,16231,134,847,196,191,0.8752
1626,335,20876,543,294,328,233,0.8188
1627,335,22346,622,840,213,206,0.8052
1628,335,3482,142,291,208,257,0.8046
1629,336,16231,654,231,194,179,0.8621
1630,336,20876,117,767,330,231,0.839
1631,336,3482,650,748,211,269,0.808
1632,336,22346,163,232,206,198,0.7614
1633,337,3482,125,271,273,190,0.8123
1634,337,36636,131,829,180,261,0.7917
1635,337,22346,641,836,214,207,0.7871
1636,337,25468,572,185,329,286,0.6667
1637,338,3482,574,811,279,193,0.8031
1638,338,36636,645,169,169,247,0.7979
1639,338,22346,126,224,203,195,0.7782
1640,338,25468,48,789,348,299,0.6686
1641,339,3482,601,846,279,186,0.8003
1642,339,36636,675,171,175,255,0.7996
1643,339,22346,144,235,206,198,0.7605
1644,339,25468,84,829,346,300,0.6924
1645,340,34596,38,86,393,465,0.8607
1646,340,3482,538,780,266,226,0.801
1647,340,27776,144,775,180,206,0.7866
1648,340,20237,576,191,220,214,0.7659
1649,341,34596,50,115,404,462,0.8551
1650,341,3482,566,815,264,219,0.8144
1651,341,20237,604,195,225,216,0.779
1652,341,27776,178,814,175,199,0.7717
1653,344,3482,565,815,265,218,0.816
1654,344,28762,155,192,211,202,0.7934
1655,344,16261,604,193,244,229,0.7858
1656,344,27776,178,815,174,199,0.7737
1657,345,28762,138,185,207,200,0.8341
1658,345,3482,537,780,266,225,0.8022
1659,345,16261,575,186,238,229,0.7999
1660,345,27776,144,775,180,205,0.7832
1661,346,16231,642,250,187,182,0.8471
1662,346,3482,566,812,265,219,0.8105
1663,346,25366,141,53,338,501,0.7995
1664,346,27776,179,813,175,199,0.7653
1665,347,16231,614,239,184,181,0.8265
1666,347,25366,123,40,329,490,0.8126
1667,347,3482,538,777,267,224,0.7968
1668,347,27776,145,774,179,205,0.7833
1669,349,34596,6,129,438,426,0.847
1670,349,3482,566,811,265,219,0.8128
1671,349,35205,613,143,226,400,0.8106
1672,349,27776,179,813,175,199,0.766
1673,352,22361,616,778,261,429,0.8852
1674,352,19551,110,180,326,483,0.8364
1675,352,5093,135,857,285,288,0.7846
1676,352,2482,640,118,203,472,0.7431
1677,355,23222,540,591,304,504,0.8033
1678,355,5093,548,191,271,265,0.7915
1679,355,12080,72,129,225,428,0.7633
1680,355,2482,57,701,244,479,0.71
1681,356,23222,96,110,302,504,0.8238
1682,356,5093,104,799,277,274,0.7982
1683,356,2482,635,27,232,483,0.7277
1684,356,12080,642,685,234,452,0.7228
1685,359,3482,563,814,264,218,0.8195
1686,359,29666,630,164,223,215,0.798
1687,359,31884,81,45,370,528,0.7587
1688,359,27776,176,811,174,199,0.7581
1689,361,16261,642,287,244,234,0.8241
1690,361,18146,210,169,210,407,0.8091
1691,361,3350,428,881,190,191,0.8031
1692,364,35205,100,254,348,324,0.8108
1693,364,3350,406,854,190,193,0.8002
1694,364,32309,583,166,247,343,0.7469
1695,372,34596,14,141,448,412,0.8512
1696,372,3482,601,844,279,187,0.8072
1697,372,16261,573,195,244,231,0.7801
1698,372,25468,39,857,384,217,0.696
1699,374,20876,69,797,327,244,0.8261
1700,374,3482,646,754,213,267,0.8066
1701,374,25366,99,33,407,465,0.8048
1702,374,29666,623,184,225,216,0.763
1703,379,31862,138,314,204,206,0.8103
1704,379,3350,463,858,190,192,0.7916
1705,379,16687,447,158,498,466,0.5366
1706,38,35205,627,163,214,393,0.8404
1707,38,20876,83,725,332,240,0.831
1708,38,3482,623,716,210,271,0.8174
1709,38,31884,112,31,399,499,0.7753
1710,380,3350,284,180,185,189,0.8186
1711,380,31862,596,715,209,212,0.7863
1712,380,16687,0,550,496,512,0.4765
1713,382,5885,610,697,239,507,0.8706
1714,382,2482,598,111,288,448,0.7216
1715,382,3742,73,813,329,331,0.6791
1716,382,12777,91,122,388,463,0.6059
1717,384,5885,601,695,238,490,0.8386
1718,384,2482,608,74,282,463,0.747
1719,384,3742,72,800,324,321,0.6806
1720,384,12777,92,88,384,459,0.5469
1721,387,3482,132,286,275,176,0.8172
1722,387,31884,497,651,420,513,0.7802
1723,387,20237,132,868,231,226,0.7763
1724,387,27652,669,255,221,200,0.7649
1725,389,34596,29,126,437,421,0.8515
1726,389,20876,82,726,332,239,0.8318
1727,389,3482,622,718,210,271,0.8147
1728,389,16261,601,185,237,229,0.7889
1729,390,34596,42,154,452,417,0.8554
1730,390,20876,116,767,330,231,0.8306
1731,390,3482,649,749,211,269,0.8127
1732,390,16261,629,192,244,230,0.791
1733,392,33207,655,900,218,209,0.8576
1734,392,1899,188,273,202,136,0.8025
1735,392,16550,110,701,289,494,0.7805
1736,392,21025,683,274,178,172,0.7358
1737,393,33207,109,160,206,196,0.8414
1738,393,1899,582,865,211,143,0.7931
1739,393,21025,91,831,182,179,0.79
1740,393,16550,558,49,280,467,0.7843
1741,394,28762,606,856,219,213,0.8177
1742,394,3482,124,271,272,190,0.806
1743,394,20237,139,850,230,226,0.7686
1744,394,25468,571,230,370,217,0.681
1745,395,3482,601,845,278,188,0.8044
1746,395,28762,172,209,213,202,0.8023
1747,395,20237,618,195,227,216,0.7923
1748,395,25468,40,857,383,217,0.7004
1749,396,28762,153,199,209,201,0.8168
1750,396,3482,575,810,279,194,0.8053
1751,396,20237,588,190,222,213,0.7999
1752,396,25468,12,813,380,220,0.6961
1753,4,29344,115,152,273,415,0.9014
1754,4,24849,601,253,293,163,0.8361
1755,4,1899,683,807,132,207,0.7927
1756,4,16550,128,647,294,495,0.7783
1757,40,3482,159,214,246,221,0.8224
1758,40,29666,118,838,230,227,0.7965
1759,40,31884,611,610,332,555,0.758
1760,40,19860,645,277,219,171,0.6605
1761,400,33207,613,771,210,204,0.8743
1762,400,16547,602,124,232,225,0.8367
1763,400,1899,132,244,196,156,0.8119
1764,400,33008,13,774,367,241,0.7438
1765,401,33207,152,296,205,195,0.8629
1766,401,16547,109,898,243,239,0.8215
1767,401,1899,641,857,207,167,0.8138
1768,401,33008,584,242,358,235,0.7443
1769,404,3350,356,144,185,190,0.8125
1770,404,18146,14,589,291,419,0.8113
1771,404,35205,434,699,418,232,0.7821
1772,409,1899,134,243,190,165,0.804
1773,409,16550,5,729,466,320,0.7785
1774,409,33008,515,791,384,210,0.7721
1775,409,33008,538,129,383,282,0.5498
1776,41,29666,637,205,224,215,0.8091
1777,41,3482,592,874,259,228,0.8023
1778,41,31884,56,92,322,542,0.7312
1779,41,19860,118,863,221,170,0.7145
1780,411,1899,645,852,201,176,0.8084
1781,411,16550,499,196,451,315,0.7685
1782,411,33008,82,256,370,209,0.7479
1783,412,19551,111,189,309,497,0.84
1784,412,5093,105,809,284,288,0.7839
1785,412,12080,649,690,244,468,0.7435
1786,412,2482,627,68,223,471,0.7364
1787,413,19551,110,156,308,499,0.852
1788,413,5093,105,800,277,274,0.7994
1789,413,2482,633,31,236,479,0.7323
1790,413,12080,642,686,234,452,0.7261
1791,414,19551,520,552,303,494,0.8615
1792,414,5093,548,192,270,264,0.7916
1793,414,12080,72,128,226,429,0.7616
1794,414,2482,54,702,249,476,0.7159
1795,415,3482,600,868,258,227,0.8203
1796,415,16261,637,178,245,229,0.7912
1797,415,31884,98,92,322,542,0.7093
1798,415,19860,126,865,221,168,0.6992
1799,416,16261,607,172,241,228,0.8022
1800,416,3482,572,836,261,231,0.8019
1801,416,31884,78,72,320,534,0.7329
1802,416,19860,92,827,225,175,0.6993
1803,417,3482,149,218,248,221,0.8187
1804,417,16261,98,851,250,241,0.7879
1805,417,31884,567,611,329,553,0.7549
1806,417,19860,638,277,219,170,0.6453
1807,419,27732,565,259,301,268,0.8536
1808,419,3482,125,306,269,202,0.8159
1809,419,25366,540,738,435,433,0.8096
1810,419,20237,112,854,230,226,0.767
1811,42,3482,566,841,259,232,0.8119
1812,42,29666,609,198,219,215,0.788
1813,42,31884,36,72,319,532,0.7357
1814,42,19860,84,826,225,176,0.7113
1815,420,27732,86,724,322,283,0.8392
1816,420,25366,4,77,428,415,0.8088
1817,420,3482,578,757,277,210,0.8012
1818,420,20237,613,185,221,214,0.7918
1819,422,34596,560,698,350,512,0.8673
1820,422,3482,152,218,246,220,0.821
1821,422,36636,95,905,272,165,0.804
1822,422,19860,640,277,220,171,0.6454
1823,423,34596,81,15,337,494,0.8606
1824,423,36636,589,196,261,152,0.8465
1825,423,3482,571,837,261,231,0.8045
1826,423,19860,91,826,224,175,0.7044
1827,429,34596,71,156,488,351,0.8398
1828,429,27732,130,775,311,277,0.8376
1829,429,3482,609,790,273,207,0.8179
1830,429,29666,667,179,225,214,0.7869
1831,430,16550,68,614,407,404,0.8041
1832,430,3543,181,199,204,198,0.7674
1833,430,33877,617,791,166,220,0.7412
1834,430,4542,610,153,203,197,0.6915
1835,431,16550,104,662,402,397,0.8014
1836,431,3543,199,206,209,201,0.7714
1837,431,33877,645,832,163,210,0.7517
1838,431,4542,640,154,208,200,0.6825
1839,432,16550,492,229,397,384,0.8084
1840,432,3543,583,858,214,212,0.7859
1841,432,4542,131,904,214,212,0.7371
1842,432,33877,193,257,162,215,0.6415
1843,433,16231,618,178,188,182,0.876
1844,433,27732,86,725,321,282,0.8276
1845,433,3482,578,757,275,210,0.7971
1846,433,30307,90,106,352,423,0.7751
1847,434,16231,140,892,197,193,0.8497
1848,434,27732,565,259,301,268,0.8441
1849,434,3482,125,306,268,202,0.8152
1850,434,30307,534,693,370,446,0.7734
1851,435,16231,646,185,194,180,0.8659
1852,435,27732,123,769,314,275,0.8412
1853,435,3482,606,791,274,208,0.8081
1854,435,30307,107,119,368,437,0.7579
1855,436,3482,601,844,279,187,0.8059
1856,436,31884,40,135,449,478,0.7972
1857,436,20237,618,195,226,216,0.7615
1858,436,25468,39,857,383,216,0.6922
1859,44,13899,578,671,177,265,0.8461
1860,44,3350,370,154,182,188,0.7966
1861,44,29666,92,723,230,231,0.7947
1862,443,22626,535,676,337,484,0.818
1863,443,25437,567,187,246,253,0.8043
1864,443,2482,81,672,246,473,0.7206
1865,443,4377,77,102,221,437,0.7037
1866,444,22626,74,81,335,470,0.8201
1867,444,25437,110,840,258,267,0.7977
1868,444,2482,597,103,254,455,0.726
1869,444,4377,651,707,219,469,0.7038
1870,449,34596,45,130,386,477,0.8654
1871,449,3482,588,844,283,167,0.8139
1872,449,16261,622,182,241,231,0.7893
1873,449,27652,96,851,223,207,0.7584
1874,452,1899,643,846,188,187,0.8068
1875,452,16550,137,637,305,482,0.7804
1876,452,44198,175,233,195,261,0.7403
1877,452,29450,508,243,410,219,0.7301
1878,454,5885,128,82,228,475,0.8583
1879,454,6191,496,591,295,524,0.7802
1880,454,5093,560,196,271,266,0.7723
1881,454,2482,103,704,229,483,0.7422
1882,455,5885,584,680,234,490,0.895
1883,455,6191,140,88,296,521,0.791
1884,455,5093,93,792,277,275,0.7496
1885,455,2482,604,19,217,487,0.7409
1886,456,5885,591,682,244,503,0.8558
1887,456,6191,140,120,294,520,0.7958
1888,456,5093,94,805,281,283,0.7822
1889,456,2482,597,62,203,473,0.7608
1890,457,6191,111,157,277,532,0.7776
1891,457,13394,631,669,233,503,0.7743
1892,457,5093,132,833,278,274,0.7558
1893,457,2482,635,64,222,485,0.7362
1894,458,5093,133,842,284,287,0.7997
1895,458,6191,113,184,278,528,0.7925
1896,458,13394,636,670,249,523,0.7776
1897,458,2482,625,100,229,471,0.7256
1898,459,6191,545,518,278,527,0.7991
1899,459,13394,80,82,229,483,0.7579
1900,459,5093,521,162,271,265,0.7445
1901,459,2482,78,659,218,490,0.7317
1902,46,23222,101,113,310,502,0.8165
1903,46,2482,589,70,243,478,0.7438
1904,46,12080,602,706,231,454,0.7419
1905,46,3742,118,786,321,319,0.667
1906,460,23222,505,580,297,510,0.8266
1907,460,22361,83,120,257,390,0.826
1908,460,2482,93,661,206,491,0.7206
1909,460,3742,490,128,312,300,0.6918
1910,462,23222,134,151,295,501,0.8345
1911,462,2482,628,97,201,472,0.7145
1912,462,3742,122,837,328,331,0.6996
1913,462,22361,607,734,272,423,0.6799
1914,463,28762,623,875,220,212,0.8205
1915,463,3482,130,286,276,177,0.8174
1916,463,27652,667,254,222,200,0.7692
1917,463,20237,132,868,231,226,0.7658
1918,464,28762,137,183,208,200,0.8337
1919,464,3482,562,810,287,176,0.8101
1920,464,20237,594,173,221,211,0.7791
1921,464,27652,63,811,227,211,0.7499
1922,465,3482,590,844,284,167,0.8163
1923,465,28762,154,191,213,202,0.8114
1924,465,20237,623,177,226,215,0.7828
1925,465,27652,97,853,223,207,0.7547
1926,468,23222,110,118,307,502,0.8174
1927,468,25437,155,872,258,267,0.809
1928,468,22361,603,747,266,420,0.7653
1929,468,2482,601,109,199,476,0.7346
1930,469,27732,125,769,312,275,0.8504
1931,469,35205,602,126,252,388,0.8339
1932,469,28762,150,219,211,202,0.8157
1933,469,3482,608,790,274,207,0.8131
1934,47,23222,527,587,312,505,0.8047
1935,47,12080,106,106,231,434,0.7474
1936,47,2482,89,665,254,476,0.7258
1937,47,3742,493,166,313,300,0.708
1938,472,6562,188,708,217,361,0.8453
1939,472,16547,628,148,236,225,0.8318
1940,472,3543,149,189,207,201,0.7764
1941,472,33877,631,850,222,137,0.5347
1942,474,6562,588,236,212,338,0.8504
1943,474,16547,116,879,241,240,0.8408
1944,474,3543,636,874,213,212,0.79
1945,474,33877,147,307,222,149,0.6587
1946,475,19551,89,136,312,497,0.8225
1947,475,25437,125,824,257,265,0.8048
1948,475,13394,600,715,233,513,0.7618
1949,475,2482,598,81,202,472,0.7472
1950,477,19551,85,102,315,499,0.8384
1951,477,25437,124,811,254,255,0.8065
1952,477,13394,587,712,238,500,0.7432
1953,477,2482,603,42,213,489,0.7351
1954,479,25366,66,84,370,470,0.8123
1955,479,36636,638,177,179,240,0.8053
1956,479,3482,537,777,267,226,0.7994
1957,479,27776,144,774,179,205,0.7893
1958,481,22626,76,108,306,496,0.8014
1959,481,5093,133,842,284,287,0.8004
1960,481,13394,636,672,247,521,0.7765
1961,481,2482,626,102,228,468,0.7281
1962,482,22626,555,632,308,491,0.7914
1963,482,13394,81,83,228,483,0.7716
1964,482,5093,521,162,272,265,0.7624
1965,482,2482,78,660,217,488,0.7309
1966,484,3350,420,894,190,191,0.7984
1967,484,32309,25,325,288,325,0.7355
1968,484,16687,480,122,421,534,0.4888
1969,485,3350,327,146,185,189,0.8006
1970,485,32309,623,535,290,342,0.7468
1971,485,16687,37,520,426,583,0.4945
1972,486,3350,369,204,184,182,0.802
1973,486,32309,663,633,291,343,0.7478
1974,486,16687,68,616,434,591,0.4531
1975,487,16231,646,185,194,180,0.8629
1976,487,27732,123,769,314,275,0.8435
1977,487,3482,606,792,274,207,0.8078
1978,487,31884,96,49,411,505,0.7867
1979,493,19606,680,899,167,161,0.8759
1980,493,16547,123,885,242,240,0.8377
1981,493,1899,186,292,198,152,0.8063
1982,493,21025,683,274,178,172,0.7364
1983,494,19606,135,212,153,151,0.9495
1984,494,16547,591,138,231,224,0.8365
1985,494,1899,587,828,206,162,0.7966
1986,494,21025,91,832,181,178,0.7878
1987,496,3831,495,180,374,365,0.9371
1988,496,3350,393,871,189,192,0.7998
1989,496,36636,163,293,189,248,0.711
1990,497,3831,52,652,385,379,0.9521
1991,497,3350,353,158,183,185,0.8132
1992,497,36636,587,668,194,259,0.7789
1993,499,3482,124,271,272,190,0.8054
1994,499,16261,165,833,252,242,0.8009
1995,499,25366,525,727,439,458,0.7956
1996,499,25468,570,230,371,217,0.6809
1997,5,29344,613,714,284,444,0.9215
1998,5,24849,96,895,296,161,0.8449
1999,5,1899,182,266,128,199,0.7752
2000,5,16550,570,113,283,479,0.7661
2001,500,3482,575,811,279,192,0.8063
2002,500,25366,34,64,412,437,0.8036
2003,500,16261,545,187,239,229,0.8035
2004,500,25468,12,813,380,220,0.6931
2005,501,3482,601,844,279,187,0.8061
2006,501,25366,46,78,433,444,0.8048
2007,501,16261,572,195,244,230,0.785
2008,501,25468,40,857,383,217,0.7003
2009,502,3482,124,271,271,190,0.8056
2010,502,30307,550,730,415,414,0.7776
2011,502,20237,139,850,230,226,0.761
2012,502,25468,571,231,371,217,0.6818
2013,503,3482,575,810,279,193,0.8043
2014,503,20237,589,191,221,214,0.7875
2015,503,30307,39,103,387,394,0.7715
2016,503,25468,13,812,379,221,0.6915
2017,506,38161,533,633,195,300,0.833
2018,506,3350,351,140,183,187,0.8076
2019,506,31862,82,699,208,210,0.7521
2020,507,38161,572,726,195,294,0.8153
2021,507,3350,392,196,186,183,0.8055
2022,507,31862,124,784,205,204,0.7293
2023,508,22073,166,261,185,189,0.8938
2024,508,3350,418,870,190,191,0.8013
2025,508,18146,538,236,334,356,0.7119
2026,509,22073,588,779,189,193,0.9516
2027,509,3350,328,167,184,188,0.8045
2028,509,18146,39,604,353,384,0.7385
2029,511,36636,96,906,271,164,0.8225
2030,511,3482,152,217,247,220,0.8199
2031,511,25366,570,740,397,496,0.806
2032,511,19860,639,277,221,171,0.6406
2033,515,35205,612,142,227,400,0.8211
2034,515,3482,567,811,265,218,0.8125
2035,515,30307,92,184,427,367,0.7666
2036,515,27776,179,813,175,199,0.762
2037,516,35205,139,707,239,409,0.8193
2038,516,3482,172,276,259,219,0.817
2039,516,27776,637,292,175,195,0.7688
2040,516,30307,475,702,439,372,0.7613
2041,517,36636,644,208,187,246,0.8199
2042,517,3482,588,845,283,166,0.8084
2043,517,31884,30,19,378,522,0.7647
2044,517,27652,95,852,222,207,0.7602
2045,518,3482,560,811,288,175,0.8181
2046,518,36636,616,202,183,242,0.8156
2047,518,31884,18,5,364,511,0.7594
2048,518,27652,61,810,226,211,0.749
2049,519,3482,132,286,276,177,0.8182
2050,519,31884,596,698,379,539,0.8022
2051,519,36636,150,801,194,253,0.801
2052,519,27652,670,255,220,200,0.763
2053,520,3482,175,275,259,217,0.8237
2054,520,28762,614,906,222,213,0.8075
2055,520,29666,126,879,229,229,0.7743
2056,520,27776,640,295,175,195,0.7726
2057,521,28762,146,155,209,197,0.8062
2058,521,3482,536,778,266,225,0.8008
2059,521,29666,601,160,218,213,0.7939
2060,521,27776,142,773,181,205,0.7849
2061,522,3482,563,813,265,220,0.8162
2062,522,28762,163,159,213,202,0.8065
2063,522,29666,629,163,223,216,0.7996
2064,522,27776,177,812,175,199,0.765
2065,525,16231,140,892,196,193,0.8541
2066,525,27732,565,259,301,267,0.8482
2067,525,28762,637,865,219,212,0.8198
2068,525,3482,125,305,268,201,0.8159
2069,526,3482,149,218,248,222,0.815
2070,526,30307,550,709,310,475,0.7935
2071,526,16261,98,851,251,241,0.7784
2072,526,19860,638,277,219,171,0.6455
2073,527,3482,601,868,258,228,0.8216
2074,527,30307,144,74,308,467,0.7981
2075,527,16261,637,178,245,230,0.7746
2076,527,19860,125,864,221,169,0.6637
2077,528,3482,572,836,261,230,0.8014
2078,528,16261,608,172,240,229,0.7935
2079,528,30307,128,65,296,449,0.7865
2080,528,19860,92,827,225,176,0.7051
2081,529,3482,601,844,279,187,0.807
2082,529,20237,618,195,227,216,0.7968
2083,529,22346,106,240,206,197,0.73
2084,529,25468,39,857,383,216,0.7007
2085,53,5885,606,685,242,504,0.8327
2086,53,25437,133,852,256,267,0.804
2087,53,6191,97,115,359,475,0.7919
2088,53,2482,649,96,212,475,0.7463
2089,530,3482,125,271,273,190,0.8078
2090,530,20237,139,850,230,226,0.7677
2091,530,22346,680,831,211,206,0.7566
2092,530,25468,572,230,370,217,0.6819
2093,531,20237,589,189,222,213,0.8042
2094,531,3482,574,810,280,193,0.803
2095,531,22346,89,230,200,194,0.7913
2096,531,25468,12,813,380,220,0.696
2097,532,5885,610,697,239,507,0.8754
2098,532,19551,113,115,387,425,0.848
2099,532,2482,598,111,287,447,0.735
2100,532,3742,73,812,330,331,0.6868
2101,533,19551,111,73,391,433,0.858
2102,533,5885,600,695,239,491,0.8366
2103,533,2482,607,74,282,462,0.7531
2104,533,3742,74,801,322,319,0.676
2105,534,19551,444,697,395,435,0.8591
2106,534,5885,95,70,240,470,0.8409
2107,534,2482,50,679,285,459,0.7174
2108,534,3742,535,151,314,301,0.685
2109,535,36636,675,172,174,254,0.8052
2110,535,3482,601,846,278,186,0.8002
2111,535,31884,82,144,411,501,0.7742
2112,535,25468,83,829,346,300,0.6881
2113,536,3482,573,811,280,192,0.8057
2114,536,36636,646,170,169,247,0.796
2115,536,31884,67,116,398,502,0.7824
2116,536,25468,50,788,348,299,0.6716
2117,537,3482,125,271,272,189,0.8066
2118,537,36636,131,829,180,262,0.7952
2119,537,31884,513,598,406,517,0.7936
2120,537,25468,572,186,330,286,0.6814
2121,539,38161,593,707,196,305,0.8096
2122,539,3350,320,133,185,187,0.8061
2123,539,20013,10,669,350,339,0.6824
2124,54,25437,546,176,247,253,0.8154
2125,54,6191,467,638,371,490,0.784
2126,54,2482,68,663,202,487,0.73
2127,54,5885,117,84,224,472,0.6167
2128,54,13394,115,81,226,476,0.2709
2129,540,38161,631,804,194,295,0.8268
2130,540,3350,362,188,186,183,0.8033
2131,540,20013,52,754,347,337,0.6937
2132,541,16231,143,900,195,191,0.848
2133,541,3482,150,218,247,221,0.8181
2134,541,31884,582,648,329,555,0.7722
2135,541,19860,638,277,219,170,0.6488
2136,542,16231,616,172,186,181,0.8207
2137,542,3482,572,836,261,231,0.8039
2138,542,31884,71,35,316,533,0.7501
2139,542,19860,92,827,225,175,0.6943
2140,543,16231,645,175,191,186,0.8304
2141,543,3482,600,869,258,227,0.8188
2142,543,31884,87,52,322,543,0.7319
2143,543,19860,126,865,220,168,0.6974
2144,545,3482,175,274,260,217,0.8257
2145,545,22346,663,862,213,208,0.7905
2146,545,27776,640,294,175,195,0.7774
2147,545,29666,126,879,229,229,0.7689
2148,546,3482,535,779,266,225,0.8019
2149,546,29666,601,161,218,213,0.7977
2150,546,27776,141,773,181,205,0.7833
2151,546,22346,106,200,202,194,0.7783
2152,547,20876,116,769,329,230,0.8394
2153,547,3482,649,749,211,269,0.8094
2154,547,36636,632,211,184,248,0.803
2155,547,22346,120,242,207,197,0.7859
2156,548,20876,545,294,327,233,0.8164
2157,548,36636,167,799,187,254,0.8127
2158,548,3482,142,289,209,258,0.8057
2159,548,22346,665,830,211,207,0.7966
2160,55,3350,422,847,190,191,0.7891
2161,55,20013,49,283,339,318,0.7056
2162,55,16687,428,167,512,456,0.4891
2163,551,3482,131,287,276,176,0.8176
2164,551,20237,132,869,231,225,0.7804
2165,551,30307,545,685,391,431,0.7743
2166,551,27652,668,254,221,200,0.7633
2167,552,3482,589,844,284,166,0.8158
2168,552,30307,78,144,383,422,0.7709
2169,552,20237,623,177,226,215,0.7674
2170,552,27652,97,853,223,207,0.7547
2171,553,34596,13,74,416,443,0.857
2172,553,16231,602,214,184,182,0.8169
2173,553,3482,575,811,279,192,0.8057
2174,553,25468,12,812,380,221,0.6921
2175,555,34596,24,100,427,439,0.8458
2176,555,16231,630,220,189,186,0.8334
2177,555,3482,601,844,279,187,0.8093
2178,555,25468,38,856,384,217,0.6833
2179,56,3350,324,192,185,189,0.8102
2180,56,20013,550,620,343,339,0.6887
2181,56,16687,3,555,501,500,0.4328
2182,560,35205,583,96,286,377,0.8256
2183,560,3482,600,867,258,229,0.8214
2184,560,30307,115,74,273,478,0.7981
2185,560,19860,126,864,221,169,0.6623
2186,564,21770,160,806,189,185,0.8227
2187,564,1899,151,254,196,161,0.7993
2188,564,16550,591,104,294,478,0.7853
2189,564,33008,548,835,374,200,0.756
2190,565,5093,106,810,283,285,0.7738
2191,565,12080,649,690,245,468,0.7443
2192,565,2482,625,68,224,472,0.7337
2193,569,12777,535,573,297,521,0.7926
2194,569,12080,106,105,232,435,0.7407
2195,569,2482,89,665,254,474,0.7311
2196,569,3742,493,166,314,300,0.6948
2197,571,16550,539,55,303,452,0.7941
2198,571,1899,581,865,211,143,0.7904
2199,571,21025,90,831,181,179,0.7839
2200,571,24849,121,135,179,285,0.6122
2201,572,1899,188,273,202,137,0.8082
2202,572,16550,99,709,324,479,0.8063
2203,572,21025,684,276,178,171,0.7453
2204,572,24849,673,825,188,304,0.6571
2205,573,1899,606,899,209,138,0.789
2206,573,16550,568,62,312,466,0.7884
2207,573,21025,125,865,178,176,0.7757
2208,573,24849,137,142,185,292,0.6929
2209,574,22626,91,171,312,492,0.8105
2210,574,13394,627,669,233,503,0.758
2211,574,2482,670,76,206,490,0.7453
2212,574,3742,115,830,322,318,0.7085
2213,575,22626,532,543,314,489,0.7962
2214,575,13394,86,82,226,484,0.7561
2215,575,2482,57,644,204,489,0.7138
2216,575,3742,495,127,313,302,0.6853
2217,576,22626,96,205,308,483,0.8166
2218,576,13394,634,671,244,523,0.7553
2219,576,2482,660,109,213,479,0.7524
2220,576,3742,116,839,327,331,0.693
2221,577,19606,140,785,159,158,0.9518
2222,577,1899,133,246,195,155,0.8175
2223,577,16550,539,70,350,423,0.8029
2224,577,33008,518,790,381,210,0.7701
2225,578,19606,660,331,157,152,0.9077
2226,578,1899,641,858,206,166,0.817
2227,578,16550,49,725,380,445,0.8068
2228,578,33008,83,257,367,207,0.7451
2229,579,19606,172,821,158,154,0.9308
2230,579,16550,567,78,364,435,0.7972
2231,579,1899,151,256,200,156,0.7947
2232,579,33008,549,835,373,199,0.7554
2233,58,34596,38,52,392,463,0.86
2234,58,35205,556,92,279,366,0.8288
2235,58,3482,573,836,261,230,0.8024
2236,58,19860,92,827,225,175,0.6997
2237,581,16547,101,904,246,241,0.8217
2238,581,1899,644,852,203,173,0.8071
2239,581,33008,83,256,368,208,0.7463
2240,581,24849,646,204,176,277,0.6239
2241,583,19551,469,636,328,484,0.8569
2242,583,5885,115,85,230,471,0.8271
2243,583,5093,547,187,270,266,0.7907
2244,583,2482,68,691,252,470,0.7288
2245,584,5885,603,686,247,501,0.8619
2246,584,19551,144,121,328,479,0.85
2247,584,5093,107,815,281,284,0.781
2248,584,2482,604,86,263,461,0.742
2249,586,28762,144,197,208,201,0.8305
2250,586,3482,573,811,281,192,0.8028
2251,586,36636,646,169,169,246,0.7971
2252,586,25468,49,788,349,301,0.679
2253,587,28762,614,857,221,215,0.8103
2254,587,3482,125,270,272,190,0.8089
2255,587,36636,131,829,180,260,0.7928
2256,587,25468,572,185,328,287,0.6677
2257,588,36636,675,171,175,255,0.8028
2258,588,3482,601,846,279,186,0.802
2259,588,28762,163,205,214,205,0.8007
2260,588,25468,84,828,345,302,0.6925
2261,589,25366,28,108,349,500,0.8238
2262,589,3482,600,868,258,228,0.8214
2263,589,16261,636,178,246,230,0.7837
2264,589,19860,126,865,221,168,0.6619
2265,591,3482,149,219,247,222,0.8098
2266,591,25366,628,644,347,508,0.7972
2267,591,16261,98,851,250,240,0.7864
2268,591,19860,638,277,219,171,0.6526
2269,592,28762,649,901,220,214,0.8408
2270,592,3482,152,217,247,220,0.8169
2271,592,29666,117,843,231,227,0.7989
2272,592,19860,640,277,220,171,0.6485
2273,593,29666,609,193,219,214,0.8236
2274,593,3482,571,837,261,231,0.8047
2275,593,28762,114,160,208,196,0.7966
2276,593,19860,90,826,224,176,0.695
2277,594,28762,130,164,212,203,0.8275
2278,594,3482,599,868,258,229,0.8192
2279,594,29666,638,200,224,214,0.7911
2280,594,19860,124,864,221,169,0.6693
2281,595,16231,650,289,190,189,0.8249
2282,595,3350,397,866,190,192,0.8006
2283,595,32309,108,216,251,343,0.7639
2284,596,16231,80,734,196,196,0.8174
2285,596,3350,350,163,181,184,0.8113
2286,596,32309,576,618,263,368,0.7956
2287,598,3350,402,874,189,190,0.7942
2288,598,36636,173,333,180,252,0.7597
2289,598,33879,551,191,300,418,0.699
2290,60,34596,546,690,409,486,0.8558
2291,60,35205,107,772,302,389,0.8385
2292,60,3482,150,218,247,221,0.8147
2293,60,19860,638,277,219,170,0.6458
2294,600,3350,387,226,183,182,0.8045
2295,600,36636,625,721,181,257,0.7933
2296,600,33879,109,683,312,434,0.6865
2297,601,27732,565,259,301,267,0.8451
2298,601,3482,126,306,268,201,0.8173
2299,601,16261,149,803,251,241,0.8013
2300,601,31884,501,636,455,478,0.7811
2301,602,27732,87,725,321,281,0.824
2302,602,3482,579,758,274,210,0.8008
2303,602,16261,563,217,237,229,0.7951
2304,602,31884,38,111,439,469,0.7879
2305,603,27732,124,769,313,274,0.8368
2306,603,3482,606,792,275,207,0.8073
2307,603,16261,590,227,243,229,0.8048
2308,603,31884,49,138,454,467,0.796
2309,605,28762,145,249,212,202,0.8277
2310,605,3482,589,844,284,166,0.8202
2311,605,36636,644,207,187,246,0.8188
2312,605,27652,97,853,221,207,0.7592
2313,608,3350,339,192,185,188,0.8018
2314,608,29666,589,722,232,231,0.798
2315,608,33879,48,603,313,450,0.6861
2316,610,16231,619,222,188,181,0.8621
2317,610,34596,0,110,394,443,0.8421
2318,610,3482,559,811,288,175,0.8179
2319,610,27652,61,810,225,211,0.7514
2320,611,16231,141,847,197,192,0.8614
2321,611,34596,579,653,396,461,0.8561
2322,611,3482,133,286,276,176,0.8185
2323,611,27652,670,255,220,200,0.7685
2324,612,16231,647,230,194,182,0.8752
2325,612,34596,0,138,416,439,0.8599
2326,612,3482,588,845,283,167,0.8143
2327,612,27652,95,852,222,207,0.7576
2328,614,22073,634,726,186,192,0.9383
2329,614,19231,163,653,245,356,0.8835
2330,614,3350,346,154,184,187,0.8034
2331,615,22073,672,819,185,187,0.9631
2332,615,19231,207,755,237,356,0.8817
2333,615,3350,388,212,184,182,0.8033
2334,616,16231,143,900,196,190,0.8573
2335,616,28762,629,888,222,213,0.8129
2336,616,3482,150,218,247,221,0.8095
2337,616,19860,638,277,219,171,0.6481
2338,617,28762,148,177,213,202,0.8414
2339,617,16231,646,175,191,187,0.8402
2340,617,3482,600,868,258,229,0.8208
2341,617,19860,125,865,221,168,0.6952
2342,618,28762,132,172,208,198,0.8426
2343,618,16231,616,172,186,180,0.8309
2344,618,3482,572,836,261,231,0.8026
2345,618,19860,92,827,225,175,0.7012
2346,62,18146,89,549,287,417,0.8262
2347,62,3350,325,155,185,188,0.8077
2348,62,36636,541,651,204,252,0.7985
2349,620,22361,81,76,249,393,0.8564
2350,620,23222,547,638,299,509,0.803
2351,620,5093,518,151,271,264,0.7974
2352,620,2482,82,641,204,490,0.7204
2353,621,22361,606,776,255,412,0.849
2354,621,23222,93,58,297,503,0.8283
2355,621,5093,135,847,278,273,0.7977
2356,621,2482,649,82,199,486,0.7551
2357,622,22073,612,290,185,189,0.8688
2358,622,3350,395,890,190,191,0.7945
2359,622,41767,127,293,262,294,0.7563
2360,623,3350,350,148,185,189,0.8175
2361,623,41767,551,631,273,307,0.7465
2362,623,22073,125,746,190,195,0.7427
2363,624,3350,392,207,186,184,0.7994
2364,624,41767,592,720,267,308,0.7165
2365,624,22073,167,839,187,185,0.2837
2366,625,27732,565,259,300,268,0.8455
2367,625,3482,125,306,268,202,0.8159
2368,625,16261,149,803,251,241,0.8006
2369,625,30307,502,697,417,400,0.7675
2370,627,27732,87,725,321,281,0.826
2371,627,3482,580,758,274,210,0.8015
2372,627,16261,562,217,237,229,0.7883
2373,627,30307,73,147,397,378,0.7767
2374,628,16231,140,892,197,193,0.8526
2375,628,27732,565,259,301,267,0.8443
2376,628,3482,125,305,268,201,0.8151
2377,628,22346,677,850,211,208,0.7826
2378,632,25437,549,181,247,252,0.8226
2379,632,5885,118,86,230,473,0.8192
2380,632,23222,500,599,299,512,0.8093
2381,632,2482,63,664,213,487,0.7214
2382,633,5885,601,684,244,501,0.8606
2383,633,23222,135,132,297,495,0.8375
2384,633,25437,129,847,258,267,0.8071
2385,633,2482,654,94,196,476,0.7467
2386,635,3543,181,198,204,199,0.7677
2387,635,33877,617,792,166,219,0.7464
2388,635,4542,611,153,203,197,0.6975
2389,635,16547,69,752,239,233,0.6502
2390,636,3543,583,858,214,212,0.7895
2391,636,16547,652,280,231,223,0.7726
2392,636,4542,131,904,214,212,0.7479
2393,636,33877,194,257,159,213,0.6318
2394,637,5885,610,698,239,506,0.8772
2395,637,2482,599,112,287,446,0.7174
2396,637,3742,73,813,330,331,0.6886
2397,638,5885,600,696,239,490,0.839
2398,638,2482,607,74,282,463,0.7405
2399,638,3742,72,800,324,320,0.6853
2400,638,6191,50,164,477,341,0.2537
2401,64,29666,153,278,227,223,0.8082
2402,64,3350,396,886,190,193,0.7918
2403,64,20013,589,266,340,318,0.6722
2404,640,3831,486,284,397,342,0.8963
2405,640,3350,405,918,190,193,0.7956
2406,640,20237,95,299,226,220,0.7591
2407,641,3350,341,124,184,187,0.799
2408,641,20237,618,707,232,230,0.7535
2409,641,3831,36,578,410,350,0.6671
2410,644,13394,72,85,233,483,0.7865
2411,644,6191,501,606,276,540,0.7847
2412,644,2482,53,649,213,488,0.7317
2413,644,3742,484,121,312,302,0.6597
2414,646,34596,398,633,461,430,0.8427
2415,646,3482,174,276,258,217,0.8132
2416,646,36636,130,828,192,255,0.8096
2417,646,27776,637,293,175,195,0.7834
2418,647,34596,141,191,452,414,0.828
2419,647,36636,666,179,185,249,0.8176
2420,647,3482,565,812,265,219,0.8122
2421,647,27776,178,812,174,200,0.7679
2422,648,34596,125,157,441,422,0.8268
2423,648,36636,637,177,179,241,0.8062
2424,648,3482,537,777,267,225,0.7994
2425,648,27776,144,774,179,205,0.7843
2426,65,3350,349,153,185,189,0.8137
2427,65,29666,557,727,234,231,0.7884
2428,65,20013,0,634,339,343,0.6817
2429,650,3350,368,175,181,186,0.7946
2430,650,36636,559,822,273,167,0.753
2431,650,32309,0,707,309,312,0.7187
2432,652,24849,115,842,299,170,0.8572
2433,652,1899,124,259,200,149,0.8113
2434,652,31704,597,695,253,452,0.7971
2435,652,16550,564,66,286,464,0.7707
2436,653,24849,547,266,292,165,0.8458
2437,653,1899,644,857,211,156,0.7995
2438,653,16550,91,692,306,487,0.7942
2439,653,31704,130,129,244,420,0.7917
2440,654,24849,148,880,297,162,0.8446
2441,654,1899,142,268,204,146,0.8241
2442,654,31704,624,734,253,444,0.8092
2443,654,16550,591,73,297,474,0.789
2444,656,6562,188,708,217,361,0.8474
2445,656,16550,540,179,411,387,0.7962
2446,656,3543,149,189,207,201,0.7768
2447,656,33877,631,850,223,136,0.5323
2448,658,1899,167,247,184,180,0.8147
2449,658,29450,496,819,396,268,0.7852
2450,658,16550,632,9,285,485,0.7841
2451,658,18109,78,789,306,293,0.6994
2452,659,29450,466,784,400,270,0.8079
2453,659,1899,148,239,181,180,0.798
2454,659,16550,601,7,281,470,0.7825
2455,659,18109,41,747,311,301,0.6866
2456,66,3350,391,210,186,184,0.7949
2457,66,29666,595,819,231,223,0.7904
2458,66,20013,31,717,346,339,0.6616
2459,660,1899,642,847,189,186,0.81
2460,660,29450,115,217,389,258,0.7907
2461,660,16550,61,741,291,504,0.7657
2462,660,18109,607,224,302,287,0.6951
2463,661,3350,375,878,190,191,0.8003
2464,661,31862,179,303,203,205,0.7641
2465,661,16231,686,293,191,188,0.7277
2466,662,16231,42,745,197,190,0.8253
2467,662,3350,368,161,185,188,0.805
2468,662,31862,555,725,208,211,0.7425
2469,664,28762,630,875,220,212,0.8279
2470,664,20876,543,292,327,236,0.8135
2471,664,36636,166,800,188,255,0.8128
2472,664,3482,141,291,209,257,0.8113
2473,665,28762,131,184,209,200,0.8306
2474,665,20876,83,727,332,237,0.829
2475,665,3482,624,716,209,270,0.8177
2476,665,36636,605,204,177,242,0.8062
2477,667,25437,122,821,254,254,0.8018
2478,667,12080,649,696,235,456,0.7285
2479,667,2482,577,115,299,451,0.7055
2480,667,22626,20,144,481,278,0.5964
2481,668,25437,554,196,247,251,0.8071
2482,668,12080,62,113,231,433,0.7588
2483,668,2482,67,649,301,454,0.7003
2484,668,22626,431,773,491,301,0.6042
2485,670,35205,136,729,244,407,0.8293
2486,670,3482,124,271,272,189,0.8059
2487,670,22346,682,847,213,207,0.7751
2488,670,25468,572,185,328,287,0.673
2489,672,35205,612,121,230,398,0.8272
2490,672,3482,601,845,279,186,0.8045
2491,672,22346,104,224,206,197,0.7823
2492,672,25468,85,828,344,301,0.6833
2493,674,16547,149,890,243,238,0.8448
2494,674,27925,597,155,258,454,0.819
2495,674,1899,632,893,211,135,0.8123
2496,674,44198,136,292,286,149,0.7094
2497,675,16547,566,133,229,226,0.8351
2498,675,1899,139,240,200,128,0.7941
2499,675,27925,97,614,268,487,0.7523
2500,675,44198,549,831,293,148,0.7241
2501,677,27925,569,626,262,491,0.8378
2502,677,1899,140,240,200,127,0.7951
2503,677,16550,615,11,299,459,0.7874
2504,677,18109,16,695,308,296,0.678
2505,679,22626,135,165,338,463,0.8159
2506,679,5093,104,810,282,285,0.7882
2507,679,2482,611,87,211,472,0.731
2508,679,4377,596,702,224,469,0.7087
2509,68,16231,152,828,191,191,0.8332
2510,68,3482,172,276,259,218,0.8164
2511,68,27776,636,292,174,194,0.7697
2512,68,30307,510,767,443,375,0.7614
2513,680,22626,471,604,339,469,0.8034
2514,680,5093,549,192,271,267,0.7661
2515,680,2482,87,680,230,477,0.7303
2516,680,4377,138,106,211,438,0.7186
2517,681,22626,132,130,339,469,0.814
2518,681,5093,103,801,277,271,0.782
2519,681,2482,617,53,221,482,0.7434
2520,681,4377,588,699,218,451,0.6956
2521,684,29344,573,716,328,426,0.8833
2522,684,16550,524,90,367,430,0.8165
2523,684,1899,182,267,128,199,0.7744
2524,684,18109,78,766,305,288,0.6689
2525,685,25437,118,819,254,255,0.7993
2526,685,6191,91,8,296,528,0.7922
2527,685,12080,647,700,234,453,0.7306
2528,685,2482,575,117,298,449,0.697
2529,688,34596,101,186,454,397,0.833
2530,688,27732,86,725,321,282,0.8212
2531,688,3482,579,757,275,210,0.8036
2532,688,20237,612,186,221,214,0.7731
2533,692,3482,133,286,276,176,0.8178
2534,692,35205,103,689,203,416,0.8123
2535,692,22346,657,836,213,207,0.8095
2536,692,27652,670,255,220,200,0.7738
2537,694,19231,502,237,323,255,0.8732
2538,694,35205,152,278,262,389,0.8093
2539,694,3350,402,850,189,191,0.8014
2540,697,38161,138,261,226,264,0.8789
2541,697,18356,599,197,243,350,0.836
2542,697,3350,402,854,189,192,0.7919
2543,698,38161,570,676,240,282,0.8411
2544,698,3350,346,173,180,185,0.8005
2545,698,18356,76,630,253,373,0.749
2546,70,1899,632,897,209,156,0.8125
2547,70,16550,47,707,298,498,0.7656
2548,70,29450,46,234,405,226,0.7384
2549,70,24849,645,256,191,269,0.6639
2550,700,16231,616,172,186,180,0.8279
2551,700,3482,572,836,261,230,0.8019
2552,700,30307,70,132,383,394,0.7812
2553,700,19860,92,827,225,176,0.7003
2554,701,16231,645,175,191,187,0.8379
2555,701,3482,600,868,258,228,0.8192
2556,701,30307,84,149,399,403,0.7847
2557,701,19860,126,864,221,169,0.6605
2558,702,16231,143,900,195,191,0.8509
2559,702,3482,149,218,248,221,0.8123
2560,702,30307,514,697,405,416,0.7808
2561,702,19860,638,277,219,170,0.6439
2562,705,3482,592,873,258,229,0.8011
2563,705,22346,120,200,207,199,0.8008
2564,705,29666,638,204,224,216,0.7995
2565,705,19860,118,864,221,170,0.6938
2566,706,5885,603,686,247,501,0.8695
2567,706,12777,69,111,350,497,0.7906
2568,706,5093,107,815,282,284,0.7819
2569,706,2482,603,84,265,462,0.7389
2570,707,5885,115,84,230,472,0.8297
2571,707,5093,547,187,270,265,0.7935
2572,707,12777,533,631,355,491,0.7835
2573,707,2482,68,691,252,470,0.7195
2574,708,5885,596,682,236,492,0.8897
2575,708,12777,66,81,353,487,0.8269
2576,708,5093,107,806,277,273,0.7653
2577,708,2482,615,49,256,471,0.7375
2578,710,27732,87,725,322,281,0.8321
2579,710,28762,158,234,209,198,0.8143
2580,710,3482,579,758,275,210,0.8036
2581,710,16261,562,217,238,229,0.7837
2582,712,12777,104,110,294,534,0.8223
2583,712,5093,133,842,284,287,0.8019
2584,712,13394,636,671,247,521,0.7813
2585,712,2482,625,102,229,467,0.7285
2586,713,12777,546,599,285,522,0.8217
2587,713,13394,81,83,227,482,0.7761
2588,713,5093,521,162,271,265,0.7625
2589,713,2482,79,660,217,487,0.7307
2590,714,12777,104,85,290,524,0.8237
2591,714,13394,632,670,232,502,0.7778
2592,714,5093,132,833,277,273,0.7693
2593,714,2482,635,65,222,484,0.7363
2594,716,19551,94,132,324,495,0.8157
2595,716,12080,609,713,242,468,0.769
2596,716,2482,586,102,232,469,0.7329
2597,716,3742,118,797,329,329,0.6759
2598,717,19551,525,602,321,496,0.8723
2599,717,12080,107,106,231,433,0.7465
2600,717,2482,89,665,253,475,0.7312
2601,717,3742,493,166,314,299,0.697
2602,719,16547,552,181,232,227,0.8349
2603,719,1899,122,261,199,147,0.8016
2604,719,21770,90,810,193,189,0.7969
2605,719,31704,604,691,257,452,0.7901
2606,72,1899,155,224,204,150,0.8094
2607,72,29450,550,843,413,224,0.7752
2608,72,16550,642,47,286,481,0.7738
2609,72,24849,152,773,196,282,0.7047
2610,720,16547,163,841,243,237,0.8342
2611,720,21770,673,287,188,180,0.8048
2612,720,31704,123,133,246,421,0.8037
2613,720,1899,647,856,211,156,0.8021
2614,721,35205,572,121,248,377,0.8345
2615,721,27732,89,725,319,282,0.8222
2616,721,3482,579,758,275,209,0.8017
2617,721,31884,66,162,443,465,0.7917
2618,724,16547,106,736,237,232,0.8432
2619,724,31704,573,674,254,452,0.814
2620,724,3543,132,177,203,199,0.7775
2621,724,10220,578,166,218,213,0.6796
2622,725,16547,619,301,230,225,0.8363
2623,725,3543,636,884,214,211,0.8056
2624,725,31704,149,145,250,423,0.7977
2625,725,10220,151,874,229,224,0.6415
2626,726,16547,139,775,235,226,0.8379
2627,726,31704,602,713,250,445,0.808
2628,726,3543,148,182,207,201,0.806
2629,726,10220,606,170,223,216,0.6214
2630,727,16231,602,214,184,182,0.8103
2631,727,25366,34,158,411,442,0.81
2632,727,3482,575,811,280,192,0.8055
2633,727,25468,12,813,380,220,0.6899
2634,728,16231,630,220,189,186,0.8345
2635,728,3482,601,844,279,187,0.8076
2636,728,25366,49,177,428,449,0.8053
2637,728,25468,39,856,383,217,0.7047
2638,73,12246,591,848,213,129,0.8838
2639,73,6562,166,672,219,366,0.8593
2640,73,16550,523,72,354,422,0.811
2641,73,3543,72,201,202,198,0.7575
2642,731,16547,119,769,238,230,0.8036
2643,731,3543,102,161,202,198,0.764
2644,731,29870,603,770,209,224,0.7578
2645,731,4542,610,141,203,198,0.613
2646,732,16547,605,265,232,221,0.8042
2647,732,3543,668,899,214,212,0.7843
2648,732,4542,130,916,214,211,0.7412
2649,732,29870,168,278,204,211,0.7246
2650,738,31704,138,644,252,451,0.796
2651,738,1899,87,260,201,126,0.7907
2652,738,44198,605,769,168,284,0.7897
2653,738,16550,586,89,290,462,0.7805
2654,740,16547,119,803,241,237,0.8441
2655,740,1899,643,829,170,199,0.8094
2656,740,31704,134,129,243,419,0.7864
2657,740,19606,655,272,157,149,0.63
2658,742,25437,566,186,247,255,0.8042
2659,742,6191,564,539,283,530,0.7785
2660,742,2482,81,670,248,476,0.7147
2661,742,4377,78,100,218,439,0.7074
2662,743,25437,109,831,254,253,0.8029
2663,743,6191,92,132,277,531,0.7993
2664,743,2482,606,67,248,474,0.749
2665,743,4377,641,705,220,453,0.7054
2666,745,16261,661,271,239,229,0.8126
2667,745,3350,351,891,191,193,0.7973
2668,745,32309,115,180,225,361,0.7532
2669,747,16261,60,797,245,237,0.8333
2670,747,3350,437,191,183,184,0.8008
2671,747,32309,635,736,236,391,0.755
2672,75,12246,619,879,209,126,0.8907
2673,75,6562,197,714,217,360,0.8304
2674,75,16550,553,80,359,433,0.8021
2675,75,3543,88,209,207,202,0.7778
2676,750,29344,581,129,277,411,0.8998
2677,750,16547,144,789,243,236,0.8339
2678,750,1899,687,805,131,207,0.8
2679,750,44198,177,198,162,271,0.7895
2680,752,27992,546,780,313,237,0.9497
2681,752,6562,165,673,219,366,0.8664
2682,752,16547,558,136,230,224,0.8338
2683,752,3543,92,197,202,198,0.7565
2684,754,3831,90,653,368,377,0.9471
2685,754,3350,372,196,185,183,0.8063
2686,754,29666,624,760,232,222,0.7821
2687,756,3831,515,255,365,376,0.9512
2688,756,29666,123,319,228,225,0.808
2689,756,3350,417,889,189,192,0.804
2690,758,3482,152,217,247,221,0.8167
2691,758,36636,96,906,271,164,0.8111
2692,758,31884,557,656,341,555,0.7697
2693,758,19860,640,277,220,171,0.6502
2694,759,36636,589,196,261,152,0.8482
2695,759,3482,572,837,260,231,0.8051
2696,759,31884,76,30,325,530,0.7333
2697,759,19860,91,826,225,175,0.6936
2698,760,29344,89,706,289,449,0.9148
2699,760,33207,656,804,212,203,0.8479
2700,760,16547,580,202,232,226,0.8301
2701,760,1899,159,259,128,197,0.785
2702,761,29344,128,749,280,443,0.9019
2703,761,33207,683,836,211,198,0.8417
2704,761,16547,609,211,238,226,0.8396
2705,761,1899,179,268,129,199,0.7829
2706,763,27732,565,259,301,268,0.8472
2707,763,3482,125,306,268,202,0.817
2708,763,31884,497,640,458,481,0.7925
2709,763,20237,112,854,230,226,0.7659
2710,764,27732,124,769,314,274,0.8403
2711,764,3482,606,791,274,207,0.8093
2712,764,31884,48,134,457,468,0.8007
2713,764,20237,642,190,226,216,0.7896
2714,766,34596,566,730,409,476,0.8571
2715,766,20876,545,294,327,234,0.8155
2716,766,36636,166,799,188,254,0.809
2717,766,3482,142,290,209,257,0.8086
2718,768,34596,7,20,400,458,0.8599
2719,768,20876,82,725,333,240,0.8332
2720,768,3482,622,718,211,271,0.8156
2721,768,36636,605,205,178,242,0.8042
2722,772,33207,638,879,210,198,0.8492
2723,772,31704,169,686,253,444,0.8039
2724,772,1899,104,269,205,123,0.7882
2725,772,16550,556,79,288,479,0.7841
2726,773,33207,611,846,212,205,0.847
2727,773,31704,138,643,251,452,0.7972
2728,773,16550,527,72,284,467,0.7898
2729,773,1899,87,260,201,126,0.7893
2730,778,16231,630,220,189,186,0.8402
2731,778,3482,601,844,280,187,0.8066
2732,778,30307,86,169,403,401,0.7711
2733,778,25468,40,856,383,217,0.6938
2734,779,16231,162,855,194,190,0.8527
2735,779,3482,124,271,272,190,0.8049
2736,779,30307,515,683,414,410,0.7644
2737,779,25468,571,231,370,217,0.6813
2738,780,16231,602,214,184,181,0.8199
2739,780,3482,577,810,277,193,0.8028
2740,780,30307,71,149,390,393,0.7716
2741,780,25468,13,812,380,221,0.6942
2742,782,22073,586,727,187,194,0.9505
2743,782,3350,338,183,186,189,0.8039
2744,782,20013,7,626,349,339,0.6733
2745,785,3482,133,286,276,177,0.8176
2746,785,35205,102,689,205,415,0.8131
2747,785,25366,537,693,398,487,0.8058
2748,785,27652,669,255,221,200,0.7693
2749,787,34596,537,652,351,512,0.8653
2750,787,3482,149,219,247,222,0.8098
2751,787,20237,112,856,230,226,0.7666
2752,787,19860,638,277,219,170,0.6501
2753,788,34596,97,62,340,491,0.8481
2754,788,3482,572,836,261,230,0.8028
2755,788,20237,615,185,219,214,0.7674
2756,788,19860,92,827,225,176,0.7043
2757,79,19231,503,237,323,254,0.8718
2758,79,16261,127,298,244,233,0.8207
2759,79,3350,387,846,190,191,0.8006
2760,797,27992,493,853,338,162,0.9689
2761,797,16550,42,528,306,473,0.797
2762,797,3543,146,191,202,197,0.7876
2763,797,4542,602,188,203,197,0.6374
2764,798,27992,522,889,335,160,0.9706
2765,798,16550,70,577,309,469,0.7854
2766,798,3543,163,199,207,199,0.7511
2767,798,4542,629,192,210,200,0.6852
2768,799,3482,600,869,258,228,0.8197
2769,799,20237,643,189,225,217,0.7891
2770,799,28762,171,180,210,201,0.7815
2771,799,19860,125,865,221,169,0.6582
2772,8,3482,588,845,284,167,0.8102
2773,8,20237,623,177,226,215,0.7865
2774,8,22346,130,219,205,196,0.7762
2775,8,27652,96,853,222,207,0.7558
2776,80,19231,97,697,332,267,0.8662
2777,80,16261,569,694,249,244,0.8107
2778,80,3350,359,194,184,187,0.8024
2779,807,3482,158,214,246,221,0.8215
2780,807,29666,118,839,231,228,0.7993
2781,807,25366,610,707,313,524,0.7959
2782,807,19860,644,277,219,172,0.6674
2783,808,6562,192,706,217,361,0.8577
2784,808,29870,632,825,171,241,0.8312
2785,808,16550,613,50,331,453,0.8009
2786,808,3543,108,206,208,201,0.7821
2787,810,6562,160,666,220,365,0.8654
2788,810,29870,604,786,174,250,0.8504
2789,810,16550,585,44,324,440,0.8018
2790,810,3543,93,199,203,196,0.7612
2791,815,3350,362,169,182,184,0.8059
2792,815,32309,519,614,277,356,0.7578
2793,815,20237,99,712,230,227,0.7539
2794,817,16231,647,230,193,182,0.8775
2795,817,3482,587,845,283,167,0.8107
2796,817,30307,96,155,385,422,0.7654
2797,817,27652,95,852,222,207,0.7579
2798,818,16231,141,847,197,192,0.8602
2799,818,3482,133,286,276,176,0.8172
2800,818,27652,671,255,220,200,0.7687
2801,818,30307,527,677,386,427,0.7646
2802,819,16231,619,222,188,181,0.8639
2803,819,3482,559,811,288,176,0.819
2804,819,30307,81,137,371,410,0.7744
2805,819,27652,61,810,226,211,0.7535
2806,82,19551,116,148,323,493,0.8381
2807,82,22361,607,732,273,425,0.7457
2808,82,2482,629,97,199,472,0.7244
2809,82,3742,122,837,329,332,0.7016
2810,820,19551,486,642,336,485,0.8528
2811,820,2482,95,695,208,487,0.7388
2812,820,4377,134,107,218,435,0.7266
2813,820,3742,480,149,314,303,0.6584
2814,822,19551,123,103,338,489,0.8441
2815,822,2482,621,69,195,473,0.7302
2816,822,4377,592,702,235,469,0.7298
2817,822,3742,130,812,328,330,0.6915
2818,826,38161,178,207,247,254,0.8804
2819,826,18146,538,319,300,386,0.8342
2820,826,3350,406,861,190,192,0.8006
2821,828,38161,549,864,252,249,0.8985
2822,828,18146,126,573,307,410,0.8162
2823,828,3350,382,237,184,182,0.8098
2824,829,36636,638,177,178,240,0.8076
2825,829,28762,98,170,208,198,0.8044
2826,829,3482,537,778,267,224,0.7996
2827,829,27776,145,775,176,204,0.7854
2828,83,19551,504,594,322,490,0.8622
2829,83,22361,83,119,256,391,0.8474
2830,83,2482,92,661,206,491,0.7264
2831,83,3742,487,128,316,300,0.6781
2832,830,28762,666,891,221,214,0.8319
2833,830,3482,174,276,258,217,0.8151
2834,830,36636,130,828,190,255,0.8077
2835,830,27776,638,292,174,194,0.7748
2836,831,36636,666,180,186,248,0.8146
2837,831,3482,565,812,264,219,0.8136
2838,831,28762,113,174,211,203,0.8023
2839,831,27776,179,814,175,199,0.7698
2840,832,16547,606,163,236,224,0.8475
2841,832,1899,621,887,210,141,0.7952
2842,832,21025,138,868,179,176,0.7357
2843,832,18109,57,124,308,289,0.6875
2844,838,33207,588,801,211,204,0.8557
2845,838,16547,592,164,230,224,0.8392
2846,838,1899,140,240,200,128,0.7956
2847,838,27925,93,615,270,486,0.7667
2848,842,34596,465,667,470,431,0.8562
2849,842,27732,565,259,301,267,0.8429
2850,842,3482,125,306,268,201,0.8162
2851,842,16261,150,803,252,240,0.7982
2852,85,29344,583,673,289,455,0.9213
2853,85,16547,571,252,231,226,0.8429
2854,85,1899,161,256,129,199,0.7893
2855,85,21770,148,849,194,191,0.7855
2856,851,22626,106,159,310,482,0.8116
2857,851,22361,607,733,271,425,0.7435
2858,851,2482,629,96,201,473,0.7227
2859,851,3742,122,837,329,332,0.6947
2860,855,12777,90,132,308,528,0.824
2861,855,4377,592,702,234,468,0.7277
2862,855,2482,621,68,195,474,0.727
2863,855,3742,131,813,327,329,0.6976
2864,857,16261,91,679,249,244,0.8236
2865,857,3350,337,133,183,186,0.804
2866,857,31862,574,745,208,212,0.7817
2867,858,16261,133,769,246,237,0.8418
2868,858,3350,379,189,184,183,0.807
2869,858,31862,612,835,205,204,0.7844
2870,86,29344,116,152,272,415,0.9005
2871,86,16547,149,769,240,235,0.8335
2872,86,21770,618,250,187,181,0.8291
2873,86,1899,683,807,132,206,0.7939
2874,861,19551,66,95,350,464,0.8234
2875,861,25437,123,832,258,266,0.8029
2876,861,12080,654,700,248,470,0.7025
2877,861,2482,567,148,307,440,0.6922
2878,862,34596,75,134,448,415,0.8485
2879,862,36636,675,171,174,255,0.8064
2880,862,3482,601,845,279,186,0.8006
2881,862,25468,84,828,345,301,0.6894
2882,864,34596,63,107,437,420,0.8369
2883,864,3482,573,811,280,192,0.8042
2884,864,36636,645,170,169,247,0.7987
2885,864,25468,50,788,347,301,0.6799
2886,866,3350,305,172,185,189,0.8125
2887,866,16687,34,524,429,579,0.5226
2888,867,3350,347,233,184,182,0.8079
2889,867,16687,69,625,433,581,0.4585
2890,868,16231,647,230,193,182,0.8744
2891,868,3482,587,845,283,167,0.8104
2892,868,31884,31,60,409,503,0.7848
2893,868,27652,95,852,222,206,0.7592
2894,869,16231,619,222,188,181,0.8614
2895,869,3482,559,811,288,176,0.8173
2896,869,31884,21,38,396,503,0.7846
2897,869,27652,61,810,226,210,0.7573
2898,870,16231,141,847,197,192,0.8597
2899,870,3482,134,285,275,177,0.8173
2900,870,27652,671,255,220,200,0.772
2901,870,31884,568,673,403,527,0.7661
2902,873,3350,343,224,185,184,0.8039
2903,873,18146,617,668,287,422,0.787
2904,873,16687,71,623,443,590,0.4112
2905,874,16231,627,221,187,183,0.8492
2906,874,20876,84,726,332,237,0.8324
2907,874,3482,623,716,210,271,0.8155
2908,874,31884,146,153,430,471,0.7874
2909,875,16231,655,231,192,179,0.8538
2910,875,20876,116,768,331,229,0.8322
2911,875,3482,650,748,211,269,0.8113
2912,875,31884,164,180,442,478,0.7878
2913,878,34596,74,124,342,494,0.8559
2914,878,36636,644,207,188,247,0.8179
2915,878,3482,589,844,283,166,0.817
2916,878,27652,96,852,223,207,0.7592
2917,879,34596,57,95,334,496,0.8633
2918,879,3482,561,810,288,174,0.825
2919,879,36636,615,202,183,242,0.7999
2920,879,27652,62,810,227,211,0.7558
2921,88,31704,619,734,253,445,0.8021
2922,88,1899,128,230,207,138,0.7927
2923,88,16550,606,50,288,482,0.7849
2924,88,18109,78,799,304,291,0.7016
2925,880,23222,508,605,307,504,0.8165
2926,880,5093,508,160,270,266,0.7712
2927,880,13394,68,90,229,479,0.7703
2928,880,2482,73,665,223,488,0.7235
2929,882,23222,124,93,306,502,0.8172
2930,882,13394,644,666,234,498,0.8056
2931,882,5093,148,836,277,273,0.7696
2932,882,2482,635,61,227,482,0.7325
2933,883,28762,142,231,212,203,0.8463
2934,883,16231,630,219,189,186,0.8369
2935,883,3482,601,844,279,187,0.8059
2936,883,25468,40,857,383,216,0.7021
2937,886,3350,409,892,189,192,0.8017
2938,886,35205,539,263,271,386,0.779
2939,886,31862,163,283,204,206,0.7773
2940,888,3350,380,206,185,182,0.812
2941,888,31862,609,835,206,204,0.7925
2942,888,35205,159,645,266,395,0.7746
2943,889,16231,134,847,196,191,0.8748
2944,889,28762,711,889,219,214,0.8352
2945,889,20876,543,292,327,236,0.8137
2946,889,3482,141,291,209,257,0.8055
2947,89,31704,593,695,253,452,0.7949
2948,89,1899,113,224,201,139,0.7732
2949,89,16550,581,44,278,464,0.7727
2950,89,18109,42,758,311,298,0.6871
2951,891,16231,627,221,187,182,0.8566
2952,891,20876,83,726,332,237,0.8288
2953,891,3482,623,717,210,271,0.8171
2954,891,28762,56,171,208,200,0.8138
2955,894,20876,82,725,333,240,0.8331
2956,894,3482,622,718,210,271,0.8164
2957,894,25366,28,30,411,437,0.8075
2958,894,36636,605,205,178,242,0.804
2959,895,16550,532,40,298,458,0.791
2960,895,21025,99,820,181,179,0.7658
2961,895,3543,92,222,204,198,0.7558
2962,895,10220,583,774,228,220,0.7055
2963,896,21025,133,855,179,176,0.7867
2964,896,16550,563,46,302,469,0.7819
2965,896,3543,108,233,208,200,0.756
2966,896,10220,611,812,224,214,0.6794
2967,897,3543,676,834,214,212,0.7778
2968,897,16550,114,722,314,485,0.7761
2969,897,21025,676,285,177,172,0.7668
2970,897,10220,167,273,220,213,0.6889
2971,898,12246,616,206,176,184,0.9476
2972,898,27925,569,579,259,488,0.8204
2973,898,3543,119,173,202,197,0.7961
2974,898,16547,73,778,238,232,0.7897
2975,9,3482,560,811,288,175,0.8196
2976,9,20237,594,174,221,212,0.781
2977,9,22346,113,210,200,194,0.7682
2978,9,27652,62,811,227,211,0.7511
2979,90,16550,82,707,294,495,0.7913
2980,90,31704,134,128,244,420,0.7889
2981,90,1899,655,901,212,148,0.7878
2982,90,18109,606,216,301,287,0.7105
2983,900,12246,645,206,177,187,0.9404
2984,900,27925,595,627,258,481,0.839
2985,900,16547,107,820,236,227,0.8232
2986,900,3543,136,177,206,201,0.7798
2987,904,27732,123,769,314,274,0.8415
2988,904,3482,607,791,275,208,0.8106
2989,904,20237,642,190,226,216,0.7926
2990,904,30307,162,54,293,475,0.7894
2991,906,27732,565,259,301,267,0.8423
2992,906,3482,125,306,268,202,0.8165
2993,906,30307,549,720,295,487,0.7722
2994,906,20237,112,854,231,227,0.7683
2995,908,3350,304,193,184,187,0.804
2996,908,31862,574,745,208,212,0.7853
2997,908,20237,114,715,229,228,0.777
2998,91,16547,122,865,240,238,0.8434
2999,91,27925,146,143,257,459,0.8419
3000,91,19606,688,297,158,151,0.817
3001,91,1899,630,893,213,135,0.7954
3002,910,3482,175,275,260,218,0.8247
3003,910,25366,509,700,454,438,0.8079
3004,910,29666,126,879,230,228,0.7862
3005,910,27776,640,294,175,196,0.7752
3006,912,25366,30,107,431,420,0.8079
3007,912,3482,535,779,267,226,0.8023
3008,912,27776,141,773,181,206,0.7894
3009,912,29666,601,161,218,214,0.787
3010,914,13899,556,707,200,249,0.8199
3011,914,3350,368,124,184,189,0.7991
3012,914,35205,41,615,344,354,0.7624
3013,915,3350,411,179,185,184,0.8118
3014,915,13899,595,796,198,245,0.8088
3015,915,35205,87,707,340,351,0.7567
3016,916,27732,565,259,302,268,0.8553
3017,916,16231,140,892,197,193,0.8521
3018,916,3482,125,306,268,202,0.817
3019,916,25366,502,680,460,424,0.8117
3020,919,27732,564,259,300,268,0.8432
3021,919,3482,123,307,268,202,0.8108
3022,919,36636,99,882,267,179,0.8073
3023,919,30307,492,679,376,439,0.7685
3024,920,27732,88,724,321,283,0.8271
3025,920,36636,591,202,254,170,0.8157
3026,920,3482,579,756,277,209,0.7999
3027,920,30307,128,125,356,421,0.7692
3028,923,20876,544,293,327,236,0.8106
3029,923,3482,142,289,209,258,0.8056
3030,923,25366,536,707,438,452,0.8047
3031,923,16261,108,837,250,240,0.8044
3032,925,16231,143,900,196,191,0.8487
3033,925,34596,484,626,443,454,0.847
3034,925,3482,150,218,247,221,0.8106
3035,925,19860,638,277,219,170,0.6506
3036,927,34596,64,140,423,442,0.8666
3037,927,16231,616,172,186,181,0.8295
3038,927,3482,573,836,261,231,0.803
3039,927,19860,92,827,224,175,0.7027
3040,929,16231,602,214,183,181,0.813
3041,929,3482,575,811,279,193,0.804
3042,929,31884,30,40,413,488,0.7832
3043,929,25468,12,813,381,221,0.6898
3044,930,16231,162,855,194,190,0.8567
3045,930,3482,124,271,272,190,0.8085
3046,930,31884,537,687,430,512,0.7878
3047,930,25468,570,230,371,217,0.6788
3048,931,19606,168,917,156,154,0.9349
3049,931,29344,574,717,327,425,0.8732
3050,931,1899,178,267,129,199,0.7882
3051,931,16550,481,242,481,265,0.7542
3052,932,19606,131,886,161,159,0.9377
3053,932,29344,545,676,330,433,0.8877
3054,932,1899,158,258,128,198,0.7886
3055,932,16550,454,221,474,266,0.7789
3056,933,19606,665,251,157,153,0.8974
3057,933,29344,114,166,312,399,0.8533
3058,933,1899,687,805,131,207,0.7904
3059,933,16550,18,736,494,277,0.7611
3060,936,19551,115,194,312,492,0.8461
3061,936,25437,110,841,258,267,0.7967
3062,936,2482,597,104,255,454,0.7305
3063,936,4377,652,707,218,470,0.7071
3064,937,6191,126,96,291,537,0.7842
3065,937,4377,592,702,235,468,0.7293
3066,937,2482,620,68,197,474,0.7272
3067,937,3742,131,813,328,329,0.6988
3068,938,6191,125,66,288,533,0.795
3069,938,2482,629,25,199,492,0.7227
3070,938,4377,584,698,228,453,0.7163
3071,938,3742,129,802,322,319,0.6834
3072,940,3350,421,898,189,190,0.8
3073,940,16231,643,322,189,189,0.786
3074,940,18146,202,225,218,414,0.7652
3075,941,3350,325,142,185,188,0.8124
3076,941,16231,90,711,193,193,0.8084
3077,941,18146,515,550,217,444,0.7733
3078,942,16231,132,799,193,190,0.8488
3079,942,3350,367,199,186,183,0.8064
3080,942,18146,553,644,220,444,0.7855
3081,945,3482,149,218,247,222,0.8105
3082,945,25366,629,640,316,518,0.7958
3083,945,20237,111,857,230,226,0.7663
3084,945,19860,638,277,220,171,0.6519
3085,947,16231,141,847,197,191,0.8629
3086,947,28762,592,887,222,215,0.838
3087,947,3482,133,286,276,177,0.8169
3088,947,27652,670,255,221,200,0.7719
3089,948,16231,647,230,193,182,0.8734
3090,948,28762,185,178,210,202,0.8209
3091,948,3482,588,845,283,167,0.8141
3092,948,27652,95,852,222,207,0.758
3093,949,20876,544,294,328,234,0.8172
3094,949,3482,142,290,209,258,0.8071
3095,949,16261,107,836,250,241,0.7991
3096,949,30307,504,723,421,400,0.7672
3097,95,3350,337,182,182,187,0.8029
3098,95,29666,60,743,231,230,0.7827
3099,95,32309,496,719,385,239,0.7118
3100,950,20876,82,725,332,240,0.8393
3101,950,3482,623,718,210,271,0.8171
3102,950,16261,601,185,237,229,0.8095
3103,950,30307,73,118,397,385,0.7813
3104,951,20876,116,767,330,231,0.8352
3105,951,3482,649,750,211,269,0.8105
3106,951,16261,630,192,243,230,0.7899
3107,951,30307,86,135,412,392,0.7708
3108,952,3482,124,271,272,190,0.8068
3109,952,16261,165,833,252,242,0.7995
3110,952,30307,562,649,390,430,0.7738
3111,952,25468,571,231,370,217,0.6819
3112,953,3482,574,810,279,193,0.8031
3113,953,16261,545,188,239,228,0.8002
3114,953,30307,47,159,373,416,0.7689
3115,953,25468,12,813,380,221,0.6901
3116,954,3482,601,845,279,186,0.8054
3117,954,16261,573,195,244,230,0.784
3118,954,30307,60,181,386,425,0.7623
3119,954,25468,38,857,383,217,0.6866
3120,956,19606,142,861,159,154,0.944
3121,956,27925,598,671,260,482,0.817
3122,956,1899,158,249,203,126,0.816
3123,956,16550,594,0,306,446,0.8017
3124,957,27925,146,142,258,461,0.8414
3125,957,1899,629,893,213,134,0.8001
3126,957,19606,687,297,158,151,0.7974
3127,957,16550,78,787,310,488,0.7962
3128,962,19606,142,846,160,159,0.9501
3129,962,1899,148,240,182,181,0.8097
3130,962,29450,473,779,401,271,0.7979
3131,962,16550,626,109,279,472,0.7802
3132,966,16547,124,852,244,237,0.832
3133,966,1899,655,902,212,148,0.7916
3134,966,31704,134,128,244,420,0.7888
3135,966,18109,606,216,301,287,0.7086
3136,967,29666,585,305,229,223,0.7964
3137,967,3350,406,887,189,191,0.7918
3138,967,41767,124,301,261,295,0.7725
3139,968,3350,340,155,185,189,0.7973
3140,968,29666,109,696,233,232,0.7937
3141,968,41767,555,620,271,307,0.7535
3142,97,19606,665,251,157,153,0.9005
3143,97,16547,98,819,242,239,0.8526
3144,97,29344,113,166,312,401,0.8436
3145,97,1899,686,804,131,207,0.7983
3146,972,21770,125,775,193,187,0.8433
3147,972,27925,571,628,260,490,0.8396
3148,972,16550,573,15,328,436,0.8116
3149,972,1899,140,241,200,128,0.7935
3150,973,29344,612,715,285,443,0.9207
3151,973,21770,183,885,190,185,0.8038
3152,973,16550,569,80,307,471,0.7841
3153,973,1899,182,267,128,199,0.7746
3154,974,29344,583,672,290,456,0.9213
3155,974,21770,148,849,194,191,0.7953
3156,974,16550,542,72,299,460,0.7921
3157,974,1899,161,256,129,199,0.7869
3158,975,29344,115,151,273,416,0.9026
3159,975,21770,618,250,187,180,0.829
3160,975,16550,103,686,319,485,0.7942
3161,975,1899,683,807,132,207,0.7939
3162,979,22073,583,709,187,193,0.9663
3163,979,3350,391,157,183,187,0.8054
3164,979,18356,71,546,286,338,0.7323
3165,980,22073,171,311,183,190,0.947
3166,980,18356,577,306,277,320,0.8306
3167,980,3350,353,873,189,191,0.7916
3168,982,23222,103,124,299,496,0.8149
3169,982,13394,634,671,244,523,0.7568
3170,982,2482,660,111,212,477,0.7506
3171,982,3742,115,839,327,331,0.7007
3172,983,23222,101,81,299,506,0.8101
3173,983,13394,627,670,233,502,0.748
3174,983,2482,669,75,208,489,0.7431
3175,983,3742,115,829,322,318,0.7084
3176,984,23222,535,608,304,512,0.8061
3177,984,13394,86,81,227,484,0.7504
3178,984,2482,57,645,204,490,0.7062
3179,984,3742,496,127,313,302,0.6775
3180,985,16547,576,186,231,225,0.8365
3181,985,1899,139,218,201,149,0.8157
3182,985,29450,521,804,416,233,0.7506
3183,985,24849,116,737,201,284,0.6974
3184,986,1899,632,898,209,155,0.8218
3185,986,16547,141,836,241,237,0.8182
3186,986,29450,45,235,405,226,0.7357
3187,986,24849,645,255,191,269,0.6663
3188,988,36636,618,199,266,152,0.832
3189,988,3482,599,869,258,228,0.8213
3190,988,22346,159,182,206,197,0.8041
3191,988,19860,124,864,220,169,0.7028
3192,989,36636,589,195,261,151,0.8217
3193,989,22346,141,177,202,194,0.804
3194,989,3482,571,837,261,230,0.804
3195,989,19860,90,827,224,176,0.708
3196,990,22346,625,887,214,208,0.8234
3197,990,3482,152,217,247,220,0.8195
3198,990,36636,94,905,272,165,0.7952
3199,990,19860,640,277,220,171,0.6547
3200,991,16547,573,222,230,225,0.845
3201,991,21025,99,820,181,178,0.7678
3202,991,3543,92,222,204,198,0.7585
3203,991,10220,583,774,228,220,0.7
3204,993,16547,600,233,236,225,0.84
3205,993,21025,133,855,179,176,0.7877
3206,993,3543,108,232,208,200,0.759
3207,993,10220,611,812,225,214,0.6842
3208,994,3482,133,286,276,177,0.8183
3209,994,16261,115,845,251,241,0.7928
3210,994,30307,509,754,392,431,0.7721
3211,994,27652,670,255,221,200,0.7667
3212,996,3482,588,845,284,167,0.811
3213,996,16261,623,182,241,231,0.7911
3214,996,30307,111,75,386,420,0.7715
3215,996,27652,95,852,222,207,0.7533
3216,997,21770,123,806,193,187,0.7958
3217,997,1899,147,239,182,180,0.7794
3218,997,16550,588,61,279,472,0.7691
3219,997,29450,457,808,417,225,0.7373
3220,998,1899,166,247,184,181,0.8156
3221,998,16550,615,66,288,486,0.7954
3222,998,21770,157,840,190,183,0.7874
3223,998,29450,487,844,417,220,0.7692
3224,999,21770,644,290,188,181,0.8186
3225,999,1899,643,846,188,187,0.8093
3226,999,16550,78,687,291,496,0.7685
3227,999,29450,105,237,407,219,0.7395
